bin_1 = 0.0
bin_2 = -0.002080498759930216
bin_3 = -0.013279220420153282
bin_4 = -0.011182323862590993
bin_5 = 0.005996101089240091
