bias_1 = 0.0
bias_2 = -0.001997286315610897
bias_3 = -0.012997640809156531
bias_4 = -0.01100034367280724
bias_5 = 0.005996115179572849
uncorr_bias_1 = 0.0
uncorr_bias_2 = -0.181
uncorr_bias_3 = -1.11
uncorr_bias_4 = -1.395
uncorr_bias_5 = 1.265
