 0.1414279E-02   0.1404975E-03   0.6274469E-04   0.3528270E-04   0.2315956E-04   0.1331555E-04   0.6689410E-05   0.3689551E-05   0.3206802E-05  -0.3292768E-06  -0.4876275E-06  -0.8209194E-06  -0.2175966E-05  -0.2585928E-05  -0.2112295E-05  -0.1516597E-05  -0.2227604E-05  -0.2391006E-05  -0.1769748E-05  -0.1567213E-05  -0.1582030E-05  -0.2312216E-05  -0.1522276E-05  -0.1644796E-05  -0.1916634E-05  -0.1778419E-05  -0.1761388E-05  -0.1687722E-05  -0.9895762E-06  -0.1183708E-05  -0.8637185E-06  -0.8166179E-06   0.5162507E-03   0.1364142E-03   0.5877308E-04   0.3093096E-04   0.2018889E-04   0.1067458E-04   0.6796195E-05   0.3002516E-05   0.2336747E-05   0.1265073E-05  -0.2175947E-05  -0.2843055E-05  -0.3471566E-05  -0.3601216E-05  -0.3605826E-05  -0.3335997E-05  -0.1919775E-05  -0.2317894E-05  -0.2075689E-05  -0.2529885E-05  -0.2112073E-05  -0.1780374E-05  -0.1291121E-05  -0.1305827E-05  -0.1504863E-05  -0.1311501E-05  -0.8148037E-06  -0.1828234E-05  -0.3315776E-06  -0.8271575E-06  -0.9679893E-06  -0.6695131E-06   0.6295880E-03   0.1245776E-03   0.3491367E-04   0.1847936E-04   0.1271233E-04   0.1122065E-04   0.4899246E-05   0.8840286E-06  -0.1745263E-05  -0.2401701E-05  -0.3569882E-05  -0.2407639E-05  -0.1528198E-05  -0.2409720E-05  -0.3008296E-05  -0.3118272E-05  -0.2073135E-05  -0.2637497E-05  -0.2015337E-05  -0.1033042E-05  -0.6914850E-06   0.1241673E-06   0.4944881E-06   0.8070046E-06   0.7747406E-06   0.1139604E-05   0.1712079E-05   0.1412290E-05   0.1083297E-05   0.1427982E-05   0.1475109E-05   0.1518291E-05
 0.1404975E-03   0.1648079E-03   0.5724709E-04   0.3511196E-04   0.2495384E-04   0.1873341E-04   0.1364503E-04   0.1105214E-04   0.7752661E-05   0.5392661E-05   0.4894294E-05   0.3425224E-05   0.2816430E-05   0.2071199E-05   0.2093482E-05   0.1825606E-05   0.1536149E-05   0.9652584E-06   0.1047047E-05   0.6654447E-06   0.5658579E-06   0.6034338E-06   0.3759528E-06   0.4695760E-07   0.4342246E-07   0.1354022E-06   0.3302942E-07   0.1993130E-06  -0.1212540E-07   0.1020678E-06   0.4612529E-08  -0.2224460E-06   0.1541858E-03   0.8503073E-04   0.4327320E-04   0.2454341E-04   0.1644593E-04   0.1253963E-04   0.7791338E-05   0.5563109E-05   0.3781096E-05   0.3057592E-05   0.1804640E-05   0.7373645E-06   0.5299853E-06  -0.1918532E-06  -0.9396834E-07  -0.4644718E-06  -0.2630385E-06  -0.1001798E-06  -0.1984112E-06  -0.3862265E-06  -0.2383716E-06  -0.1644263E-06  -0.2234225E-06  -0.3232305E-06   0.1780928E-06  -0.2124635E-06  -0.3203830E-06  -0.4435231E-06  -0.1279764E-06  -0.1104006E-06  -0.1795052E-06  -0.1056620E-06   0.1501841E-03   0.5847241E-04   0.2174621E-04   0.1080612E-04   0.6224089E-05   0.4113917E-05   0.1499402E-05   0.4380850E-06  -0.7649492E-06  -0.1546937E-05  -0.1682506E-05  -0.1638402E-05  -0.1469131E-05  -0.1294547E-05  -0.1682037E-05  -0.1357615E-05  -0.1211835E-05  -0.1171699E-05  -0.9706012E-06  -0.9135405E-06  -0.6348178E-06  -0.5277164E-06  -0.3360343E-06  -0.4044094E-07  -0.1762739E-06  -0.2650336E-06  -0.4419511E-07   0.8242348E-08   0.5392605E-07   0.3007529E-06   0.3230835E-06  -0.3000634E-07
 0.6274469E-04   0.5724709E-04   0.5952985E-04   0.2843510E-04   0.2082725E-04   0.1605324E-04   0.1195729E-04   0.9452757E-05   0.7343764E-05   0.5568261E-05   0.5129802E-05   0.4003608E-05   0.3297424E-05   0.2747072E-05   0.2492214E-05   0.2373130E-05   0.2034184E-05   0.1616090E-05   0.1394059E-05   0.1058281E-05   0.1121013E-05   0.9924722E-06   0.7161273E-06   0.4584951E-06   0.4549268E-06   0.6243441E-06   0.5575875E-06   0.5281736E-06   0.5080191E-06   0.5110460E-06   0.4056992E-06   0.3385041E-06   0.7315150E-04   0.4517442E-04   0.3099645E-04   0.1903384E-04   0.1298105E-04   0.9880658E-05   0.7184617E-05   0.4932786E-05   0.3872105E-05   0.3190557E-05   0.2228257E-05   0.1757028E-05   0.1259350E-05   0.9771610E-06   0.5544819E-06   0.3764502E-06   0.3554484E-06   0.3040552E-06   0.3069023E-06   0.1154468E-06  -0.6028482E-08  -0.1538454E-06  -0.6380404E-07  -0.1894177E-06  -0.1698049E-07  -0.3462549E-07  -0.1273320E-06  -0.2039625E-06  -0.1150781E-06  -0.1156346E-06  -0.2656828E-06  -0.2084980E-06   0.5855380E-04   0.3266806E-04   0.1430403E-04   0.9147422E-05   0.4838318E-05   0.3281382E-05   0.2014717E-05   0.1438349E-05   0.7586741E-06   0.1013129E-06  -0.3828119E-06  -0.8202707E-06  -0.6617279E-06  -0.8105771E-06  -0.1060259E-05  -0.9190083E-06  -0.8719429E-06  -0.8016439E-06  -0.7038194E-06  -0.6233950E-06  -0.4873795E-06  -0.5777335E-06  -0.4921996E-06  -0.2657512E-06  -0.3596309E-06  -0.4495036E-06  -0.5192979E-06  -0.4464811E-06  -0.4731858E-06  -0.3041072E-06  -0.2417524E-06  -0.2870287E-06
 0.3528270E-04   0.3511196E-04   0.2843510E-04   0.3075105E-04   0.1806710E-04   0.1323934E-04   0.9980249E-05   0.8264141E-05   0.6402885E-05   0.5138847E-05   0.4404702E-05   0.3453701E-05   0.2920097E-05   0.2447590E-05   0.2141611E-05   0.1946853E-05   0.1661105E-05   0.1400447E-05   0.1130145E-05   0.8221421E-06   0.7906224E-06   0.6505639E-06   0.5367933E-06   0.3265172E-06   0.3284705E-06   0.3572355E-06   0.3281270E-06   0.2529757E-06   0.3663235E-06   0.3061453E-06   0.2975685E-06   0.2718341E-06   0.4173094E-04   0.2837363E-04   0.2069273E-04   0.1488139E-04   0.1053869E-04   0.8036578E-05   0.6024455E-05   0.4487520E-05   0.3627912E-05   0.2931090E-05   0.2044745E-05   0.1446166E-05   0.1148934E-05   0.8360446E-06   0.5959837E-06   0.4552432E-06   0.3072480E-06   0.2347566E-06   0.2541154E-06   0.7203648E-07   0.7680082E-07  -0.4125193E-07   0.1330542E-06   0.6140063E-07   0.1951694E-06   0.1879508E-06   0.1829841E-06   0.3665545E-07   0.1216159E-06   0.1319065E-06   0.5699157E-07  -0.4864939E-07   0.2740634E-04   0.2068249E-04   0.9869571E-05   0.5865557E-05   0.3869985E-05   0.2688502E-05   0.1661485E-05   0.1295228E-05   0.9226277E-06   0.2325917E-06  -0.9947526E-07  -0.4576290E-06  -0.4285259E-06  -0.6789845E-06  -0.8470100E-06  -0.5933054E-06  -0.4907989E-06  -0.4443584E-06  -0.4113924E-06  -0.3517765E-06  -0.2305617E-06  -0.1937559E-06  -0.1576687E-06  -0.1329511E-06  -0.1719151E-06  -0.2069842E-06  -0.2271494E-06  -0.2346819E-06  -0.2180881E-06  -0.2111480E-06  -0.2836061E-06  -0.4126911E-06
 0.2315956E-04   0.2495384E-04   0.2082725E-04   0.1806710E-04   0.2041174E-04   0.1282365E-04   0.9840877E-05   0.7868138E-05   0.6171030E-05   0.4888694E-05   0.4273877E-05   0.3342981E-05   0.2823130E-05   0.2352685E-05   0.2072414E-05   0.1924697E-05   0.1615815E-05   0.1354021E-05   0.1159130E-05   0.9201425E-06   0.8244627E-06   0.7207656E-06   0.5375900E-06   0.3941118E-06   0.3717339E-06   0.3874772E-06   0.3492435E-06   0.2148110E-06   0.3394515E-06   0.3153485E-06   0.2591619E-06   0.2196232E-06   0.2887197E-04   0.1913664E-04   0.1538217E-04   0.1144056E-04   0.9347664E-05   0.7250953E-05   0.5427485E-05   0.4205099E-05   0.3248486E-05   0.2698877E-05   0.1892965E-05   0.1505377E-05   0.1183391E-05   0.9738471E-06   0.7667890E-06   0.5964542E-06   0.4821163E-06   0.3673895E-06   0.2979872E-06   0.1519567E-06   0.2315221E-07  -0.7119626E-07   0.2192877E-07   0.4703620E-08   0.7062999E-07   0.3606321E-07   0.4345118E-07  -0.1526602E-07   0.5262659E-07   0.3653978E-07   0.6561163E-08  -0.1107397E-06   0.1251015E-04   0.1363096E-04   0.7930345E-05   0.4937456E-05   0.3740416E-05   0.2645120E-05   0.1748556E-05   0.1476727E-05   0.8767006E-06   0.3141857E-06  -0.9105664E-07  -0.2709234E-06  -0.2281180E-06  -0.4787553E-06  -0.6910839E-06  -0.5715745E-06  -0.4543988E-06  -0.4719720E-06  -0.4561380E-06  -0.4750475E-06  -0.3670502E-06  -0.3992872E-06  -0.3060893E-06  -0.2262397E-06  -0.2947330E-06  -0.3162128E-06  -0.3497517E-06  -0.3245655E-06  -0.2290339E-06  -0.2197858E-06  -0.2512883E-06  -0.3245285E-06
 0.1331555E-04   0.1873341E-04   0.1605324E-04   0.1323934E-04   0.1282365E-04   0.1400877E-04   0.9159412E-05   0.7289808E-05   0.5811650E-05   0.4518080E-05   0.3948058E-05   0.3107111E-05   0.2549036E-05   0.2132238E-05   0.1889242E-05   0.1688425E-05   0.1468205E-05   0.1302574E-05   0.1090063E-05   0.8429197E-06   0.7440429E-06   0.5692083E-06   0.4258794E-06   0.2490126E-06   0.2886858E-06   0.3685577E-06   0.3105004E-06   0.2577029E-06   0.3505615E-06   0.2807092E-06   0.2403956E-06   0.1726045E-06   0.1942435E-04   0.1483225E-04   0.1168352E-04   0.8770425E-05   0.7575558E-05   0.6734754E-05   0.5388014E-05   0.3874348E-05   0.3120932E-05   0.2508327E-05   0.1869379E-05   0.1498562E-05   0.1264815E-05   0.9632829E-06   0.7654825E-06   0.5990493E-06   0.4151748E-06   0.3873047E-06   0.3446072E-06   0.9238387E-07   0.5975051E-07  -0.2960953E-07   0.2154294E-07  -0.4081102E-07   0.6192696E-08   0.2530029E-08   0.1025379E-07  -0.1973886E-07   0.7879269E-09   0.2655888E-07   0.5249783E-07  -0.1955085E-07   0.1196005E-04   0.1130386E-04   0.7135017E-05   0.4587702E-05   0.3479175E-05   0.2815453E-05   0.2115611E-05   0.1658972E-05   0.1067068E-05   0.5627491E-06   0.1182746E-06  -0.5578783E-07  -0.6606053E-07  -0.3210245E-06  -0.4702776E-06  -0.4070366E-06  -0.3977886E-06  -0.3949072E-06  -0.4159539E-06  -0.4384617E-06  -0.3277039E-06  -0.3575372E-06  -0.3563360E-06  -0.3043732E-06  -0.2779592E-06  -0.2882555E-06  -0.3170124E-06  -0.2931563E-06  -0.2178511E-06  -0.2293997E-06  -0.2475773E-06  -0.2837766E-06
 0.6689410E-05   0.1364503E-04   0.1195729E-04   0.9980249E-05   0.9840877E-05   0.9159412E-05   0.1021599E-04   0.7087291E-05   0.5541615E-05   0.4429136E-05   0.3847967E-05   0.3079290E-05   0.2512021E-05   0.2168492E-05   0.1903202E-05   0.1716168E-05   0.1473830E-05   0.1260633E-05   0.1008763E-05   0.7498615E-06   0.6721977E-06   0.5541262E-06   0.4431494E-06   0.3221895E-06   0.3421183E-06   0.3479796E-06   0.2801856E-06   0.2347087E-06   0.2900250E-06   0.1988972E-06   0.1585061E-06   0.1025682E-06   0.1137564E-04   0.1090533E-04   0.8918449E-05   0.6809509E-05   0.6028768E-05   0.5568926E-05   0.4784121E-05   0.3729976E-05   0.3023801E-05   0.2484929E-05   0.1910742E-05   0.1617177E-05   0.1354157E-05   0.1012116E-05   0.8192944E-06   0.6796005E-06   0.5389824E-06   0.5240850E-06   0.4320083E-06   0.2246839E-06   0.1486458E-06   0.5613400E-07   0.8381303E-07   0.6746351E-07   0.1118258E-06   0.9233142E-07   0.9397326E-07   0.5502597E-07   0.7319405E-07   0.4497197E-07   0.3787198E-07  -0.7400885E-08   0.5911738E-05   0.8120744E-05   0.5690656E-05   0.3765576E-05   0.3017528E-05   0.2630738E-05   0.1848201E-05   0.1578950E-05   0.1172994E-05   0.7237723E-06   0.4609496E-06   0.1316441E-06   0.9115991E-07  -0.1234513E-06  -0.2666937E-06  -0.2066554E-06  -0.1926904E-06  -0.2265415E-06  -0.2551468E-06  -0.2636378E-06  -0.2593939E-06  -0.2896099E-06  -0.2796122E-06  -0.2503154E-06  -0.2228935E-06  -0.2209015E-06  -0.2541205E-06  -0.2619265E-06  -0.2070342E-06  -0.2154088E-06  -0.2524318E-06  -0.2835342E-06
 0.3689551E-05   0.1105214E-04   0.9452757E-05   0.8264141E-05   0.7868138E-05   0.7289808E-05   0.7087291E-05   0.8008940E-05   0.5609513E-05   0.4486394E-05   0.3829958E-05   0.3117601E-05   0.2597324E-05   0.2189897E-05   0.1908932E-05   0.1675713E-05   0.1425960E-05   0.1212952E-05   0.9858048E-06   0.7777692E-06   0.7147235E-06   0.5994104E-06   0.4902477E-06   0.3965279E-06   0.3426500E-06   0.3704141E-06   0.3469048E-06   0.2686830E-06   0.3265569E-06   0.2838992E-06   0.2095391E-06   0.1616496E-06   0.6854183E-05   0.8456717E-05   0.7209081E-05   0.5267228E-05   0.4910689E-05   0.4664299E-05   0.4189905E-05   0.3494414E-05   0.2947328E-05   0.2415730E-05   0.1849605E-05   0.1580777E-05   0.1284829E-05   0.9526364E-06   0.7301221E-06   0.6148878E-06   0.4509647E-06   0.4059867E-06   0.3489761E-06   0.2019976E-06   0.1599420E-06   0.9303794E-07   0.8876303E-07   0.8156921E-07   0.1151605E-06   0.1072909E-06   0.1004460E-06   0.7819078E-07   0.9369397E-07   0.8952760E-07   0.4887702E-07   0.8687142E-08   0.5442424E-05   0.6800278E-05   0.4634704E-05   0.2969231E-05   0.2498082E-05   0.2206826E-05   0.1757496E-05   0.1508972E-05   0.1212106E-05   0.6998675E-06   0.4303009E-06   0.2216344E-06   0.8781142E-07  -0.8597979E-07  -0.2259999E-06  -0.1948480E-06  -0.2262159E-06  -0.2584541E-06  -0.2697047E-06  -0.3207836E-06  -0.2719584E-06  -0.2957099E-06  -0.2780027E-06  -0.2805554E-06  -0.2671878E-06  -0.2220000E-06  -0.2437425E-06  -0.2227623E-06  -0.1786428E-06  -0.1546940E-06  -0.1783431E-06  -0.2370463E-06
 0.3206802E-05   0.7752661E-05   0.7343764E-05   0.6402885E-05   0.6171030E-05   0.5811650E-05   0.5541615E-05   0.5609513E-05   0.6364164E-05   0.4619326E-05   0.3925192E-05   0.3205698E-05   0.2663819E-05   0.2309247E-05   0.1988198E-05   0.1721214E-05   0.1458657E-05   0.1235553E-05   0.1041768E-05   0.8221866E-06   0.7319490E-06   0.5801918E-06   0.5087063E-06   0.4127964E-06   0.3340926E-06   0.3517048E-06   0.3233257E-06   0.2329257E-06   0.2886890E-06   0.2213609E-06   0.1616025E-06   0.1083438E-06   0.5764383E-05   0.5952526E-05   0.5474951E-05   0.4327058E-05   0.3975212E-05   0.3836999E-05   0.3678706E-05   0.3156835E-05   0.2828724E-05   0.2391294E-05   0.1861806E-05   0.1572875E-05   0.1258082E-05   0.9518810E-06   0.7692992E-06   0.6797019E-06   0.4987053E-06   0.4405963E-06   0.3781866E-06   0.3026898E-06   0.2511195E-06   0.1325225E-06   0.1406571E-06   0.8529815E-07   0.1174440E-06   0.1060179E-06   0.8969609E-07   0.8031406E-07   0.6277070E-07   0.6874337E-07   0.2499254E-07  -0.4017262E-08   0.2464535E-05   0.5448358E-05   0.3553935E-05   0.2372317E-05   0.1977024E-05   0.1813927E-05   0.1496235E-05   0.1367678E-05   0.1183047E-05   0.7941612E-06   0.5587960E-06   0.3472167E-06   0.2573510E-06   0.9975887E-07  -0.7613506E-07  -0.1338042E-06  -0.1915671E-06  -0.2197561E-06  -0.2252692E-06  -0.2778693E-06  -0.2818159E-06  -0.3246590E-06  -0.3047927E-06  -0.3189712E-06  -0.2776936E-06  -0.2090146E-06  -0.2454009E-06  -0.2670625E-06  -0.2300472E-06  -0.1721350E-06  -0.1981327E-06  -0.2513620E-06
-0.3292768E-06   0.5392661E-05   0.5568261E-05   0.5138847E-05   0.4888694E-05   0.4518080E-05   0.4429136E-05   0.4486394E-05   0.4619326E-05   0.5467227E-05   0.4101883E-05   0.3397409E-05   0.2866173E-05   0.2376833E-05   0.2029419E-05   0.1758896E-05   0.1492174E-05   0.1253548E-05   0.1056196E-05   0.8517369E-06   0.7157338E-06   0.5967019E-06   0.5229603E-06   0.4610001E-06   0.3705944E-06   0.4034628E-06   0.3637265E-06   0.3025895E-06   0.3422317E-06   0.2880990E-06   0.2174061E-06   0.1914019E-06   0.3179869E-05   0.4126130E-05   0.4134401E-05   0.3446784E-05   0.3180429E-05   0.3116661E-05   0.3025377E-05   0.2701639E-05   0.2529865E-05   0.2266878E-05   0.1874283E-05   0.1605702E-05   0.1318175E-05   0.1018802E-05   0.8658982E-06   0.7530555E-06   0.5588623E-06   0.5086270E-06   0.4124899E-06   0.3048613E-06   0.2567973E-06   0.1993167E-06   0.1736405E-06   0.1504100E-06   0.1648206E-06   0.1623462E-06   0.1279868E-06   0.1092877E-06   0.8338962E-07   0.9476258E-07   0.5687944E-07   0.8963912E-08  -0.1132767E-05   0.4209679E-05   0.2893683E-05   0.2028918E-05   0.1746125E-05   0.1594493E-05   0.1372267E-05   0.1270298E-05   0.1177249E-05   0.7841280E-06   0.5936565E-06   0.4505778E-06   0.3604048E-06   0.2296031E-06   0.4437808E-07  -0.1770218E-07  -0.6912764E-07  -0.9206431E-07  -0.1261229E-06  -0.2447895E-06  -0.2455245E-06  -0.2972933E-06  -0.2564860E-06  -0.2498814E-06  -0.2588650E-06  -0.2534124E-06  -0.2670988E-06  -0.3105083E-06  -0.2787548E-06  -0.2609647E-06  -0.2631490E-06  -0.3052416E-06
-0.4876275E-06   0.4894294E-05   0.5129802E-05   0.4404702E-05   0.4273877E-05   0.3948058E-05   0.3847967E-05   0.3829958E-05   0.3925192E-05   0.4101883E-05   0.4739900E-05   0.3536784E-05   0.2986761E-05   0.2580999E-05   0.2209615E-05   0.1898623E-05   0.1615014E-05   0.1369609E-05   0.1151645E-05   0.9623367E-06   0.7945086E-06   0.6876933E-06   0.5960701E-06   0.5466569E-06   0.4451044E-06   0.4227953E-06   0.4105384E-06   0.3352634E-06   0.3409585E-06   0.3026856E-06   0.2233939E-06   0.1790393E-06   0.2351800E-05   0.3507422E-05   0.3623329E-05   0.2912410E-05   0.2705323E-05   0.2727191E-05   0.2593705E-05   0.2452009E-05   0.2348090E-05   0.2194312E-05   0.1882011E-05   0.1670489E-05   0.1370978E-05   0.1084938E-05   0.9334016E-06   0.7646082E-06   0.6239902E-06   0.5201414E-06   0.4119944E-06   0.3437145E-06   0.2624795E-06   0.1759756E-06   0.1508311E-06   0.1195813E-06   0.1270641E-06   0.1155957E-06   0.8827045E-07   0.6421394E-07   0.2909562E-07   0.4316298E-07   0.2427431E-07  -0.3438402E-08   0.1745669E-05   0.4354569E-05   0.2331653E-05   0.1616766E-05   0.1441120E-05   0.1359005E-05   0.1216517E-05   0.1209133E-05   0.1169298E-05   0.8288288E-06   0.6302859E-06   0.4930675E-06   0.4184335E-06   0.2146961E-06   0.5356810E-07   0.3607912E-07  -0.3674318E-07  -0.4399909E-07  -0.9997347E-07  -0.2103749E-06  -0.2645784E-06  -0.3061975E-06  -0.2658318E-06  -0.2777223E-06  -0.3022373E-06  -0.2851565E-06  -0.2828863E-06  -0.3107316E-06  -0.2877704E-06  -0.2737661E-06  -0.2788278E-06  -0.3229585E-06
-0.8209194E-06   0.3425224E-05   0.4003608E-05   0.3453701E-05   0.3342981E-05   0.3107111E-05   0.3079290E-05   0.3117601E-05   0.3205698E-05   0.3397409E-05   0.3536784E-05   0.4076140E-05   0.3100225E-05   0.2662077E-05   0.2286732E-05   0.1952402E-05   0.1634513E-05   0.1408001E-05   0.1204754E-05   0.1018247E-05   0.8246481E-06   0.7101796E-06   0.6143538E-06   0.5687766E-06   0.4531647E-06   0.4258193E-06   0.4159579E-06   0.3354367E-06   0.3419451E-06   0.3216437E-06   0.2529930E-06   0.2096346E-06  -0.8981110E-06   0.2507410E-05   0.2830782E-05   0.2285476E-05   0.2199542E-05   0.2161553E-05   0.2119108E-05   0.2053198E-05   0.1988127E-05   0.1909494E-05   0.1731986E-05   0.1626802E-05   0.1396049E-05   0.1137789E-05   0.9530483E-06   0.8229904E-06   0.6314094E-06   0.5232171E-06   0.4043569E-06   0.3617654E-06   0.2775092E-06   0.1951936E-06   0.1683353E-06   0.1327181E-06   0.1118640E-06   0.6490086E-07   0.4850321E-07   0.1902214E-07  -0.4606281E-08   0.1860496E-07   0.1064797E-08  -0.1353042E-07  -0.9688744E-07   0.3544959E-05   0.1914662E-05   0.1286252E-05   0.1232025E-05   0.1182917E-05   0.1189115E-05   0.1149562E-05   0.1062340E-05   0.8152457E-06   0.6153711E-06   0.4740267E-06   0.3348711E-06   0.2202710E-06   0.1279654E-06   0.6394818E-07   0.1013082E-07  -0.4414115E-07  -0.1300758E-06  -0.2245652E-06  -0.2601684E-06  -0.2971258E-06  -0.2626142E-06  -0.2764104E-06  -0.3137988E-06  -0.3058774E-06  -0.3117217E-06  -0.3392090E-06  -0.3010997E-06  -0.2543316E-06  -0.2277981E-06  -0.2819514E-06
-0.2175966E-05   0.2816430E-05   0.3297424E-05   0.2920097E-05   0.2823130E-05   0.2549036E-05   0.2512021E-05   0.2597324E-05   0.2663819E-05   0.2866173E-05   0.2986761E-05   0.3100225E-05   0.3518911E-05   0.2771298E-05   0.2386450E-05   0.2035466E-05   0.1689942E-05   0.1467901E-05   0.1258042E-05   0.1046976E-05   0.8563469E-06   0.7263336E-06   0.6235204E-06   0.5797782E-06   0.4642483E-06   0.4512031E-06   0.4192108E-06   0.3634842E-06   0.3490335E-06   0.3095816E-06   0.2549625E-06   0.2124065E-06  -0.1385964E-05   0.2460453E-05   0.2448498E-05   0.1953924E-05   0.1898957E-05   0.1829861E-05   0.1786207E-05   0.1795292E-05   0.1752984E-05   0.1675215E-05   0.1629661E-05   0.1509608E-05   0.1323480E-05   0.1102526E-05   0.9370368E-06   0.7919972E-06   0.6325113E-06   0.5290387E-06   0.4294202E-06   0.3568315E-06   0.2550848E-06   0.1768409E-06   0.1562138E-06   0.1430206E-06   0.1272313E-06   0.7244963E-07   0.7856005E-07   0.3148234E-07   0.2990430E-07   0.3864384E-07  -0.1844536E-08  -0.5453971E-08  -0.1825470E-05   0.3010289E-05   0.1597004E-05   0.1105987E-05   0.1175920E-05   0.1132564E-05   0.1105991E-05   0.1012767E-05   0.9481037E-06   0.7283425E-06   0.6487826E-06   0.5081835E-06   0.3321232E-06   0.2187535E-06   0.8170868E-07   0.3817645E-07  -0.9304058E-08  -0.1817410E-07  -0.7615312E-07  -0.1661013E-06  -0.1782795E-06  -0.2237481E-06  -0.1771532E-06  -0.2190146E-06  -0.2623505E-06  -0.2845893E-06  -0.2884498E-06  -0.3163902E-06  -0.3069183E-06  -0.2586131E-06  -0.2704266E-06  -0.3170749E-06
-0.2585928E-05   0.2071199E-05   0.2747072E-05   0.2447590E-05   0.2352685E-05   0.2132238E-05   0.2168492E-05   0.2189897E-05   0.2309247E-05   0.2376833E-05   0.2580999E-05   0.2662077E-05   0.2771298E-05   0.3234945E-05   0.2527703E-05   0.2194729E-05   0.1852422E-05   0.1597951E-05   0.1367648E-05   0.1152678E-05   0.9541540E-06   0.8089555E-06   0.7028342E-06   0.6281567E-06   0.5267191E-06   0.4874228E-06   0.4649900E-06   0.4151940E-06   0.3778488E-06   0.3475405E-06   0.2758970E-06   0.2295225E-06  -0.2424609E-05   0.1634782E-05   0.1956478E-05   0.1462712E-05   0.1611720E-05   0.1641319E-05   0.1554734E-05   0.1557855E-05   0.1509955E-05   0.1546586E-05   0.1479751E-05   0.1424317E-05   0.1284348E-05   0.1111955E-05   0.9526793E-06   0.8183227E-06   0.6734546E-06   0.5558379E-06   0.4434560E-06   0.3792420E-06   0.2743867E-06   0.1985990E-06   0.1733906E-06   0.1424129E-06   0.1344261E-06   0.9360986E-07   0.9774267E-07   0.5253178E-07   0.4154967E-07   0.5684071E-07   0.2123511E-07  -0.2061749E-08  -0.3614365E-05   0.2597104E-05   0.1244007E-05   0.9002035E-06   0.8390943E-06   0.8807453E-06   0.9433172E-06   0.9563057E-06   0.9434623E-06   0.7156057E-06   0.6020210E-06   0.4750952E-06   0.3190757E-06   0.2051588E-06   0.1051781E-06   0.6754152E-07   0.3469759E-08  -0.2530189E-07  -0.7014106E-07  -0.1430990E-06  -0.1755842E-06  -0.2001478E-06  -0.1632188E-06  -0.2004399E-06  -0.2400262E-06  -0.2688946E-06  -0.2674300E-06  -0.2968049E-06  -0.2632612E-06  -0.2563547E-06  -0.2667979E-06  -0.3173664E-06
-0.2112295E-05   0.2093482E-05   0.2492214E-05   0.2141611E-05   0.2072414E-05   0.1889242E-05   0.1903202E-05   0.1908932E-05   0.1988198E-05   0.2029419E-05   0.2209615E-05   0.2286732E-05   0.2386450E-05   0.2527703E-05   0.2825410E-05   0.2239992E-05   0.1886571E-05   0.1642499E-05   0.1394387E-05   0.1168632E-05   0.9865996E-06   0.8495503E-06   0.7432277E-06   0.6399696E-06   0.5313774E-06   0.4990912E-06   0.4619994E-06   0.4025595E-06   0.3786210E-06   0.3387987E-06   0.2877085E-06   0.2189542E-06  -0.1179702E-05   0.1886290E-05   0.1929573E-05   0.1434969E-05   0.1491470E-05   0.1447142E-05   0.1427519E-05   0.1360430E-05   0.1336887E-05   0.1338486E-05   0.1295754E-05   0.1285942E-05   0.1196385E-05   0.1044628E-05   0.9456480E-06   0.8295571E-06   0.6926542E-06   0.5654250E-06   0.4514203E-06   0.3701414E-06   0.2833966E-06   0.1880406E-06   0.1545527E-06   0.1191194E-06   0.1241374E-06   0.8780525E-07   0.8326321E-07   0.3997699E-07   0.4578145E-07   0.5443215E-07   0.2409228E-07   0.6027107E-08  -0.3131026E-05   0.2828227E-05   0.1425328E-05   0.8781806E-06   0.7655640E-06   0.8121296E-06   0.8535672E-06   0.8323115E-06   0.7622940E-06   0.5995329E-06   0.5261193E-06   0.4628098E-06   0.3335679E-06   0.2107676E-06   0.1296473E-06   0.9310384E-07   0.1973517E-07  -0.1017792E-07  -0.7718662E-07  -0.1455431E-06  -0.1638155E-06  -0.1997422E-06  -0.1820921E-06  -0.1955502E-06  -0.2451519E-06  -0.2498731E-06  -0.2582656E-06  -0.2747593E-06  -0.2678445E-06  -0.2526737E-06  -0.2621879E-06  -0.2940210E-06
-0.1516597E-05   0.1825606E-05   0.2373130E-05   0.1946853E-05   0.1924697E-05   0.1688425E-05   0.1716168E-05   0.1675713E-05   0.1721214E-05   0.1758896E-05   0.1898623E-05   0.1952402E-05   0.2035466E-05   0.2194729E-05   0.2239992E-05   0.2603377E-05   0.2025966E-05   0.1764561E-05   0.1482696E-05   0.1260635E-05   0.1064653E-05   0.9295844E-06   0.8036159E-06   0.6967157E-06   0.5827859E-06   0.5365333E-06   0.4837918E-06   0.4222435E-06   0.3992399E-06   0.3649501E-06   0.3062145E-06   0.2502315E-06  -0.1455427E-05   0.1477902E-05   0.1758408E-05   0.1330657E-05   0.1360725E-05   0.1339884E-05   0.1205120E-05   0.1218770E-05   0.1203493E-05   0.1223508E-05   0.1204146E-05   0.1209544E-05   0.1111751E-05   0.9942233E-06   0.8836878E-06   0.7884645E-06   0.6862715E-06   0.5845137E-06   0.4708563E-06   0.4092409E-06   0.2968278E-06   0.1964386E-06   0.1441651E-06   0.1367753E-06   0.1317558E-06   0.8133800E-07   0.7897899E-07   0.4388535E-07   0.4832445E-07   0.6431323E-07   0.2617282E-07   0.1656966E-07  -0.2929087E-05   0.2335978E-05   0.1244735E-05   0.8368867E-06   0.7135743E-06   0.7507392E-06   0.8340205E-06   0.8207324E-06   0.7878114E-06   0.5628932E-06   0.4902336E-06   0.4359253E-06   0.3152795E-06   0.2131539E-06   0.1380512E-06   0.1030501E-06   0.5125144E-07  -0.9277159E-09  -0.6469638E-07  -0.1137337E-06  -0.1554712E-06  -0.2122480E-06  -0.1841936E-06  -0.2089211E-06  -0.2508971E-06  -0.2798999E-06  -0.2617659E-06  -0.2724298E-06  -0.2346456E-06  -0.2117164E-06  -0.2336261E-06  -0.2717717E-06
-0.2227604E-05   0.1536149E-05   0.2034184E-05   0.1661105E-05   0.1615815E-05   0.1468205E-05   0.1473830E-05   0.1425960E-05   0.1458657E-05   0.1492174E-05   0.1615014E-05   0.1634513E-05   0.1689942E-05   0.1852422E-05   0.1886571E-05   0.2025966E-05   0.2256396E-05   0.1835292E-05   0.1545243E-05   0.1316909E-05   0.1112857E-05   0.9603964E-06   0.8224538E-06   0.6959631E-06   0.5832475E-06   0.5357374E-06   0.4779521E-06   0.4166175E-06   0.3945562E-06   0.3391119E-06   0.2991756E-06   0.2431441E-06  -0.2493432E-05   0.1155811E-05   0.1516775E-05   0.1171152E-05   0.1170081E-05   0.1189434E-05   0.1017626E-05   0.9936186E-06   0.9963498E-06   0.1035287E-05   0.1012202E-05   0.9782583E-06   0.9222710E-06   0.8436777E-06   0.7741384E-06   0.6978458E-06   0.6406807E-06   0.5537248E-06   0.4581780E-06   0.3919795E-06   0.2932724E-06   0.2213127E-06   0.1588021E-06   0.1343082E-06   0.1175761E-06   0.7442566E-07   0.7078739E-07   0.3565688E-07   0.3705161E-07   0.4549657E-07   0.2852953E-07   0.2138741E-07  -0.2550589E-05   0.2375915E-05   0.1053798E-05   0.7864859E-06   0.6226941E-06   0.6410480E-06   0.6896412E-06   0.7494816E-06   0.7164034E-06   0.5223452E-06   0.4327032E-06   0.4066286E-06   0.2549564E-06   0.1870600E-06   0.9858171E-07   0.4933608E-07   0.2999298E-07  -0.2546851E-08  -0.3247773E-07  -0.9885307E-07  -0.1449265E-06  -0.2063765E-06  -0.1839487E-06  -0.1995489E-06  -0.2353110E-06  -0.2597004E-06  -0.2395251E-06  -0.2474164E-06  -0.2317236E-06  -0.2326776E-06  -0.2547928E-06  -0.2961729E-06
-0.2391006E-05   0.9652584E-06   0.1616090E-05   0.1400447E-05   0.1354021E-05   0.1302574E-05   0.1260633E-05   0.1212952E-05   0.1235553E-05   0.1253548E-05   0.1369609E-05   0.1408001E-05   0.1467901E-05   0.1597951E-05   0.1642499E-05   0.1764561E-05   0.1835292E-05   0.2080673E-05   0.1630023E-05   0.1414668E-05   0.1195496E-05   0.1032274E-05   0.8902376E-06   0.7586262E-06   0.6395179E-06   0.5702809E-06   0.4988482E-06   0.4357671E-06   0.4058903E-06   0.3480044E-06   0.3010367E-06   0.2567335E-06  -0.2053642E-05   0.1111089E-05   0.1377459E-05   0.1052025E-05   0.9229446E-06   0.9910838E-06   0.9172195E-06   0.8520258E-06   0.8685397E-06   0.9147686E-06   0.9380063E-06   0.9160294E-06   0.8741903E-06   0.8008883E-06   0.7385612E-06   0.6778606E-06   0.6314750E-06   0.5694601E-06   0.4867429E-06   0.4117337E-06   0.3065345E-06   0.2328016E-06   0.1612240E-06   0.1344595E-06   0.1100900E-06   0.7481491E-07   0.5503580E-07   0.2095177E-07   0.1564412E-07   0.3240510E-07   0.2731176E-07   0.1102634E-07  -0.2863459E-05   0.1978597E-05   0.1027893E-05   0.6420312E-06   0.5299009E-06   0.5618848E-06   0.6157231E-06   0.6535972E-06   0.6506128E-06   0.5008784E-06   0.4214687E-06   0.3883750E-06   0.2660944E-06   0.2241401E-06   0.1332091E-06   0.6759637E-07   0.2914547E-07   0.1275861E-07  -0.1853132E-07  -0.7037068E-07  -0.1244787E-06  -0.1738649E-06  -0.1809213E-06  -0.1756988E-06  -0.2095202E-06  -0.2472779E-06  -0.2515572E-06  -0.2511609E-06  -0.2126885E-06  -0.2187186E-06  -0.2452025E-06  -0.2762706E-06
-0.1769748E-05   0.1047047E-05   0.1394059E-05   0.1130145E-05   0.1159130E-05   0.1090063E-05   0.1008763E-05   0.9858048E-06   0.1041768E-05   0.1056196E-05   0.1151645E-05   0.1204754E-05   0.1258042E-05   0.1367648E-05   0.1394387E-05   0.1482696E-05   0.1545243E-05   0.1630023E-05   0.1849744E-05   0.1450827E-05   0.1244147E-05   0.1075848E-05   0.9321117E-06   0.7848512E-06   0.6711127E-06   0.6066239E-06   0.5381644E-06   0.4628904E-06   0.4137461E-06   0.3683045E-06   0.3196893E-06   0.2676415E-06  -0.1891970E-05   0.8549822E-06   0.1100366E-05   0.9802672E-06   0.7902367E-06   0.8391215E-06   0.7958342E-06   0.7366463E-06   0.7458386E-06   0.7855059E-06   0.8061600E-06   0.8036975E-06   0.8056887E-06   0.7434221E-06   0.6654569E-06   0.6203178E-06   0.5640998E-06   0.5413045E-06   0.4691143E-06   0.4350411E-06   0.3382354E-06   0.2502567E-06   0.1794919E-06   0.1498120E-06   0.1292006E-06   0.9213598E-07   0.5961428E-07   0.2636374E-07   0.1071207E-07   0.9984471E-08   0.1807404E-07   0.2469052E-07  -0.2199782E-05   0.1623141E-05   0.9018353E-06   0.6708296E-06   0.4480240E-06   0.4280558E-06   0.4886086E-06   0.5442589E-06   0.5448252E-06   0.3856164E-06   0.3566490E-06   0.3415007E-06   0.2598138E-06   0.2128321E-06   0.1347998E-06   0.7691288E-07   0.2083085E-07   0.1444989E-08  -0.1823985E-07  -0.7212573E-07  -0.1055148E-06  -0.1349223E-06  -0.1404672E-06  -0.1501723E-06  -0.1766472E-06  -0.2184314E-06  -0.2124711E-06  -0.2184899E-06  -0.2023280E-06  -0.1895907E-06  -0.2130809E-06  -0.2489440E-06
-0.1567213E-05   0.6654447E-06   0.1058281E-05   0.8221421E-06   0.9201425E-06   0.8429197E-06   0.7498615E-06   0.7777692E-06   0.8221866E-06   0.8517369E-06   0.9623367E-06   0.1018247E-05   0.1046976E-05   0.1152678E-05   0.1168632E-05   0.1260635E-05   0.1316909E-05   0.1414668E-05   0.1450827E-05   0.1648568E-05   0.1308292E-05   0.1131255E-05   0.9582549E-06   0.8081832E-06   0.6793004E-06   0.6160720E-06   0.5478626E-06   0.4639254E-06   0.4087004E-06   0.3636563E-06   0.3297495E-06   0.2811909E-06  -0.1257472E-05   0.5493487E-06   0.7966544E-06   0.7506966E-06   0.6164850E-06   0.6402100E-06   0.6269634E-06   0.5809001E-06   0.6369571E-06   0.6418365E-06   0.6800157E-06   0.6872917E-06   0.6983527E-06   0.6531684E-06   0.5704188E-06   0.5434773E-06   0.5044646E-06   0.4932281E-06   0.4545131E-06   0.4437795E-06   0.3546518E-06   0.2844936E-06   0.2148099E-06   0.1675188E-06   0.1300056E-06   0.9321578E-07   0.6000139E-07   0.3501613E-07   0.2307288E-07   0.2695555E-07   0.2767816E-07   0.2814546E-07  -0.1810104E-05   0.1210161E-05   0.7199974E-06   0.4833880E-06   0.3499531E-06   0.3862082E-06   0.4424581E-06   0.4869189E-06   0.5389300E-06   0.4258355E-06   0.3776121E-06   0.3633863E-06   0.2907767E-06   0.2443810E-06   0.1599230E-06   0.7766156E-07   0.3647389E-07   0.4725380E-09  -0.3972520E-07  -0.7949265E-07  -0.1017904E-06  -0.1196756E-06  -0.1104892E-06  -0.1251602E-06  -0.1449985E-06  -0.1773195E-06  -0.1695979E-06  -0.1728604E-06  -0.1503692E-06  -0.1439764E-06  -0.1607104E-06  -0.1900524E-06
-0.1582030E-05   0.5658579E-06   0.1121013E-05   0.7906224E-06   0.8244627E-06   0.7440429E-06   0.6721977E-06   0.7147235E-06   0.7319490E-06   0.7157338E-06   0.7945086E-06   0.8246481E-06   0.8563469E-06   0.9541540E-06   0.9865996E-06   0.1064653E-05   0.1112857E-05   0.1195496E-05   0.1244147E-05   0.1308292E-05   0.1515603E-05   0.1213606E-05   0.1046889E-05   0.8860938E-06   0.7549239E-06   0.6780953E-06   0.6106093E-06   0.4994968E-06   0.4299353E-06   0.3928353E-06   0.3467515E-06   0.2835210E-06  -0.1095782E-05   0.8402419E-06   0.6951734E-06   0.6474984E-06   0.4943050E-06   0.5582266E-06   0.5644276E-06   0.5231077E-06   0.5572714E-06   0.5712685E-06   0.5780937E-06   0.5857362E-06   0.6109690E-06   0.5696702E-06   0.5219810E-06   0.5102634E-06   0.4826387E-06   0.4891450E-06   0.4376477E-06   0.4260224E-06   0.3598665E-06   0.2909188E-06   0.2204565E-06   0.1667575E-06   0.1162051E-06   0.7357487E-07   0.5920713E-07   0.3188374E-07   0.3593343E-07   0.2076763E-07   0.1860440E-07   0.3576557E-07  -0.1182246E-05   0.1321375E-05   0.6260654E-06   0.4867214E-06   0.3201162E-06   0.3181256E-06   0.3913902E-06   0.4651382E-06   0.4707547E-06   0.3926642E-06   0.3200496E-06   0.2999014E-06   0.2452515E-06   0.2202975E-06   0.1451663E-06   0.8651499E-07   0.4744050E-07   0.3161478E-07  -0.9648539E-08  -0.5132384E-07  -0.8103056E-07  -0.1108985E-06  -0.1094041E-06  -0.1246503E-06  -0.1363354E-06  -0.1722287E-06  -0.1655050E-06  -0.1787891E-06  -0.1577609E-06  -0.1461045E-06  -0.1463736E-06  -0.1653498E-06
-0.2312216E-05   0.6034338E-06   0.9924722E-06   0.6505639E-06   0.7207656E-06   0.5692083E-06   0.5541262E-06   0.5994104E-06   0.5801918E-06   0.5967019E-06   0.6876933E-06   0.7101796E-06   0.7263336E-06   0.8089555E-06   0.8495503E-06   0.9295844E-06   0.9603964E-06   0.1032274E-05   0.1075848E-05   0.1131255E-05   0.1213606E-05   0.1398333E-05   0.1116783E-05   0.9489109E-06   0.8279585E-06   0.7416164E-06   0.6565971E-06   0.5466570E-06   0.4731782E-06   0.4272699E-06   0.3793416E-06   0.3166488E-06  -0.1898709E-05   0.6657624E-06   0.6988377E-06   0.5580533E-06   0.4471201E-06   0.4899306E-06   0.4778515E-06   0.4419681E-06   0.4668080E-06   0.4741552E-06   0.4781496E-06   0.5074048E-06   0.5194501E-06   0.4923862E-06   0.4636621E-06   0.4481099E-06   0.4224836E-06   0.4392684E-06   0.4019739E-06   0.3935377E-06   0.3477812E-06   0.3026721E-06   0.2527191E-06   0.2047378E-06   0.1497527E-06   0.9897608E-07   0.8247604E-07   0.4136279E-07   0.3815669E-07   0.2153274E-07   0.2001219E-07   0.3277174E-07  -0.2127854E-05   0.1075422E-05   0.7707495E-06   0.5263342E-06   0.3198569E-06   0.2290177E-06   0.3184362E-06   0.3789522E-06   0.3664501E-06   0.3085408E-06   0.2376348E-06   0.2192168E-06   0.1658615E-06   0.1851826E-06   0.1426343E-06   0.8936731E-07   0.5659733E-07   0.2904206E-07  -0.4588632E-08  -0.1965012E-07  -0.4146543E-07  -0.7186699E-07  -0.7119702E-07  -0.8787785E-07  -0.1051485E-06  -0.1398968E-06  -0.1354229E-06  -0.1518948E-06  -0.1481097E-06  -0.1418638E-06  -0.1509188E-06  -0.1665832E-06
-0.1522276E-05   0.3759528E-06   0.7161273E-06   0.5367933E-06   0.5375900E-06   0.4258794E-06   0.4431494E-06   0.4902477E-06   0.5087063E-06   0.5229603E-06   0.5960701E-06   0.6143538E-06   0.6235204E-06   0.7028342E-06   0.7432277E-06   0.8036159E-06   0.8224538E-06   0.8902376E-06   0.9321117E-06   0.9582549E-06   0.1046889E-05   0.1116783E-05   0.1288788E-05   0.1023890E-05   0.8834771E-06   0.7785709E-06   0.6890638E-06   0.5750955E-06   0.5037880E-06   0.4393720E-06   0.3837500E-06   0.3280861E-06  -0.2848091E-05   0.3402377E-06   0.5708817E-06   0.4386815E-06   0.2996551E-06   0.3615097E-06   0.3452721E-06   0.3969689E-06   0.3960439E-06   0.4307102E-06   0.4527075E-06   0.4759193E-06   0.4914573E-06   0.4598972E-06   0.4372816E-06   0.4329075E-06   0.4056343E-06   0.4266694E-06   0.3868049E-06   0.3719805E-06   0.3396876E-06   0.2843155E-06   0.2526558E-06   0.2020740E-06   0.1565425E-06   0.1208189E-06   0.9624430E-07   0.5242737E-07   0.4233428E-07   0.3499962E-07   0.2880848E-07   0.2095336E-07  -0.1878841E-05   0.8737612E-06   0.6881880E-06   0.4652263E-06   0.2403283E-06   0.2030335E-06   0.2727210E-06   0.3768495E-06   0.3593766E-06   0.3128820E-06   0.2427851E-06   0.2539030E-06   0.1881883E-06   0.1957972E-06   0.1726461E-06   0.1185510E-06   0.1083487E-06   0.6711447E-07   0.2521420E-07  -0.7586607E-08  -0.3689984E-07  -0.6778690E-07  -0.5908907E-07  -0.7331626E-07  -0.8380736E-07  -0.1198992E-06  -0.1193945E-06  -0.1402377E-06  -0.1365958E-06  -0.1291978E-06  -0.1476327E-06  -0.1567561E-06
-0.1644796E-05   0.4695760E-07   0.4584951E-06   0.3265172E-06   0.3941118E-06   0.2490126E-06   0.3221895E-06   0.3965279E-06   0.4127964E-06   0.4610001E-06   0.5466569E-06   0.5687766E-06   0.5797782E-06   0.6281567E-06   0.6399696E-06   0.6967157E-06   0.6959631E-06   0.7586262E-06   0.7848512E-06   0.8081832E-06   0.8860938E-06   0.9489109E-06   0.1023890E-05   0.1167978E-05   0.9340527E-06   0.8202347E-06   0.7304838E-06   0.6179372E-06   0.5332202E-06   0.4837986E-06   0.4210634E-06   0.3627623E-06  -0.2543940E-05  -0.8110512E-07   0.3727470E-06   0.3475384E-06   0.2101436E-06   0.2989762E-06   0.3038480E-06   0.3639140E-06   0.3743461E-06   0.3839794E-06   0.4005309E-06   0.4300857E-06   0.4176740E-06   0.3869850E-06   0.3763074E-06   0.3771435E-06   0.3689470E-06   0.3927315E-06   0.3511777E-06   0.3406664E-06   0.3176156E-06   0.2871925E-06   0.2750087E-06   0.2382384E-06   0.1868628E-06   0.1355018E-06   0.1077461E-06   0.6628206E-07   0.5073289E-07   0.3624682E-07   0.2603546E-07   0.2169723E-07  -0.1865085E-05   0.7784524E-06   0.5337785E-06   0.3298097E-06   0.1527344E-06   0.1221870E-06   0.2089046E-06   0.3197509E-06   0.3217726E-06   0.2630654E-06   0.1997929E-06   0.2282582E-06   0.1702132E-06   0.1975324E-06   0.1814822E-06   0.1641363E-06   0.1486884E-06   0.1162378E-06   0.7307934E-07   0.5820228E-07   0.2911883E-07  -0.1247614E-07  -0.8460086E-09  -0.3657462E-07  -0.5182315E-07  -0.7708140E-07  -0.8508791E-07  -0.1252455E-06  -0.1195771E-06  -0.1136509E-06  -0.1296872E-06  -0.1397922E-06
-0.1916634E-05   0.4342246E-07   0.4549268E-06   0.3284705E-06   0.3717339E-06   0.2886858E-06   0.3421183E-06   0.3426500E-06   0.3340926E-06   0.3705944E-06   0.4451044E-06   0.4531647E-06   0.4642483E-06   0.5267191E-06   0.5313774E-06   0.5827859E-06   0.5832475E-06   0.6395179E-06   0.6711127E-06   0.6793004E-06   0.7549239E-06   0.8279585E-06   0.8834771E-06   0.9340527E-06   0.1072230E-05   0.8673305E-06   0.7572286E-06   0.6464205E-06   0.5579458E-06   0.4946429E-06   0.4263159E-06   0.3720877E-06  -0.2249915E-05   0.2854883E-06   0.3918284E-06   0.3157993E-06   0.1982074E-06   0.2915437E-06   0.2524659E-06   0.3143881E-06   0.3315343E-06   0.2991634E-06   0.3458993E-06   0.3786466E-06   0.3637681E-06   0.3437397E-06   0.3082982E-06   0.3158708E-06   0.3103574E-06   0.3417171E-06   0.3143960E-06   0.3058638E-06   0.2867033E-06   0.2483495E-06   0.2417073E-06   0.2132716E-06   0.1750271E-06   0.1470152E-06   0.1244979E-06   0.8333343E-07   0.6041274E-07   0.3539751E-07   0.3019018E-07   0.2245967E-07  -0.1610438E-05   0.7523749E-06   0.5336595E-06   0.3129494E-06   0.1462121E-06   0.7376394E-07   0.1487378E-06   0.2680750E-06   0.2772486E-06   0.2312527E-06   0.1543636E-06   0.1612942E-06   0.1136790E-06   0.1521784E-06   0.1401154E-06   0.1202504E-06   0.1104931E-06   0.7213567E-07   0.3496010E-07   0.1267777E-07  -0.1384905E-07  -0.3417288E-07  -0.4089002E-07  -0.7173194E-07  -0.6640587E-07  -0.8470223E-07  -0.8116654E-07  -0.1124037E-06  -0.1171292E-06  -0.1109738E-06  -0.1300800E-06  -0.1302124E-06
-0.1778419E-05   0.1354022E-06   0.6243441E-06   0.3572355E-06   0.3874772E-06   0.3685577E-06   0.3479796E-06   0.3704141E-06   0.3517048E-06   0.4034628E-06   0.4227953E-06   0.4258193E-06   0.4512031E-06   0.4874228E-06   0.4990912E-06   0.5365333E-06   0.5357374E-06   0.5702809E-06   0.6066239E-06   0.6160720E-06   0.6780953E-06   0.7416164E-06   0.7785709E-06   0.8202347E-06   0.8673305E-06   0.1011268E-05   0.8135326E-06   0.7033646E-06   0.6092990E-06   0.5416930E-06   0.4655828E-06   0.3965503E-06  -0.2084911E-05   0.4899876E-06   0.3298230E-06   0.2902176E-06   0.1667900E-06   0.2874011E-06   0.2358385E-06   0.2876380E-06   0.2730497E-06   0.3059640E-06   0.3169142E-06   0.3629197E-06   0.3373484E-06   0.3165370E-06   0.3073721E-06   0.3183342E-06   0.3041889E-06   0.3322516E-06   0.3119880E-06   0.3058518E-06   0.2744677E-06   0.2486242E-06   0.2431522E-06   0.2124968E-06   0.1916472E-06   0.1599310E-06   0.1280887E-06   0.8044306E-07   0.6877698E-07   0.3945836E-07   0.2533782E-07   0.1315551E-07  -0.1723973E-05   0.8604607E-06   0.5048554E-06   0.3800486E-06   0.1760499E-06   0.1074509E-06   0.1613912E-06   0.2896305E-06   0.2889048E-06   0.2406655E-06   0.1786097E-06   0.2060009E-06   0.1516542E-06   0.1966113E-06   0.1677329E-06   0.1473143E-06   0.1475668E-06   0.1120313E-06   0.8128082E-07   0.5372760E-07   0.1812621E-07  -0.7795662E-08  -0.3146831E-07  -0.6884212E-07  -0.7248285E-07  -0.9502402E-07  -0.9506572E-07  -0.1325332E-06  -0.1245327E-06  -0.1144907E-06  -0.1301728E-06  -0.1271785E-06
