a_s = 2.2601744028964037e-09
age = 13.767168685770324
cosmomc_theta = 1.0408523738521611
cs2_de = 1.0
dastar = 13.972164627253447
h0 = 0.6898
hubble = 68.97999999999999
k = 0.0
kd = 0.139905858699824
keq = 0.010079745704534652
massive_nu = 1
massless_nu = 2.030666666666667
mnu = 0.06
n_eff = 3.0460000000000003
n_s = 0.969
num_nu_massive = 1
num_nu_massless = 2.030666666666667
ombh2 = 0.0225
omch2 = 0.1157
omega_b = 0.04728638763186494
omega_c = 0.24315711328918996
omega_k = 0.0
omega_lambda = 0.7082006651052388
omega_m = 0.2917993348947612
omega_nu = 0.0013558339737062865
ommh2 = 0.13884513839893817
omnuh2 = 0.0006451383989381787
rdrag = 148.09771924404308
rstar = 145.45693334313842
s_8 = 0.8152377890003747
s_8_input = 0.8128
sigma_12 = 0.8077495067655475
sigma_8 = 0.8266140466960078
sigma_8_input = 0.8260636098058933
thetad = 0.16071272954841279
thetaeq = 0.8318863804140949
thetarseq = 0.45899081662664915
thetastar = 1.041047949430949
w = -1.0
wa = 0.0
zdrag = 1059.9244296974364
zeq = 3302.525656109411
zstar = 1089.3779205561943
