# covariance
3.192806499000000244e-10 -1.094503197000000076e-11 8.680681320999999402e-12 2.796126473000000171e-12 -4.457491416999999686e-12 -3.658969901999999988e-12 -4.274417366000000261e-12 -4.587689434999999970e-12 5.554295750000000244e-12 1.161621037000000061e-12 1.828373850999999983e-12 4.988788996999999711e-13 -4.270508131999999751e-13 -1.409823248000000066e-13 4.587753773999999702e-13 1.038730592999999920e-12 6.854280450000000009e-12 1.345157062000000032e-12 2.185615093999999917e-12 5.490220230000000381e-13 -6.062213841000000160e-13 -2.527691706000000091e-13 4.638401624999999632e-13 1.184609420999999934e-12 8.185238642999999409e-12 1.515288376999999906e-12 2.533124666000000172e-12 5.758897976000000443e-13 -8.206732119000000316e-13 -4.383803594999999976e-13 4.041116656999999814e-13 1.236673901000000019e-12 8.756781972000000198e-12 1.596427938000000100e-12 2.686400371999999851e-12 5.916435842000000464e-13 -9.094205902000000276e-13 -5.074771153000000361e-13 3.857301267999999779e-13 1.266519032999999930e-12 5.186506794999999604e-13 6.544998693999999925e-13 7.807034761000000480e-13 9.366394979999999116e-13 1.111316004999999910e-12 1.320056224000000005e-12 1.550787903000000004e-12 1.782409994000000065e-12 5.791253136999999592e-13 7.371155978000000476e-13 8.785171147999999532e-13 1.057043764000000011e-12 1.260973857999999977e-12 1.510598505000000031e-12 1.795231629999999987e-12 2.090422466999999959e-12 6.184398193000000175e-13 7.901275576000000477e-13 9.398909765000000576e-13 1.129636767999999997e-12 1.346985491000000009e-12 1.616137583999999948e-12 1.929181393999999853e-12 2.262061591000000155e-12 6.365609949999999946e-13 8.130643240999999715e-13 9.669777058000000891e-13 1.160928385999999906e-12 1.383358131000000014e-12 1.660226211999999935e-12 1.984957845000000185e-12 2.334305352000000056e-12 6.655678888000000119e-13 8.522122469000000449e-13 1.014423634000000023e-12 1.223027213000000081e-12 1.466277285000000016e-12 1.771854388000000061e-12 2.132746269999999801e-12 2.521441721000000121e-12 7.232692624999999851e-13 9.282759081999999567e-13 1.103462189000000029e-12 1.327783280999999906e-12 1.591375710000000058e-12 1.924286633999999859e-12 2.327580308999999952e-12 2.774158462999999869e-12 7.519932178999999763e-13 9.652495607999999546e-13 1.146555803999999987e-12 1.377983432000000090e-12 1.649867898999999947e-12 1.994664491999999928e-12 2.416342487999999987e-12 2.889838993000000183e-12 7.936713007000000111e-13 1.020614512000000026e-12 1.210706525000000011e-12 1.454008280000000038e-12 1.739221480000000021e-12 2.103463509000000125e-12 2.554293802000000125e-12 3.069347036999999964e-12 8.312413659999999689e-13 1.068668587999999905e-12 1.267377916000000095e-12 1.519848735999999956e-12 1.814933773000000044e-12 2.193109944999999859e-12 2.665846788000000144e-12 3.214373140999999847e-12 8.803944274999999990e-13 1.131666569999999962e-12 1.342291035999999969e-12 1.606387834000000058e-12 1.914683510000000164e-12 2.309742158999999957e-12 2.808360357999999909e-12 3.397652287999999858e-12
-1.094503197000000076e-11 6.614404420999999603e-10 -1.687986350999999921e-11 -1.133710955000000009e-11 -7.488725539999999505e-12 -9.109969751000000032e-12 -9.404550735000000049e-12 -1.010710642000000066e-11 6.906496224999999543e-13 8.606826952000000186e-12 1.669596280999999956e-12 2.318575479000000090e-12 9.851175489999999774e-13 -3.514456348000000230e-13 -1.413527811999999900e-13 8.216590543999999730e-13 7.864677522000000249e-13 1.056960293999999931e-11 1.892760148999999820e-12 2.730931372000000037e-12 1.112777575000000044e-12 -5.501662131999999798e-13 -2.769501513999999879e-13 9.057521179999999875e-13 8.674489938000000279e-13 1.257061412999999969e-11 2.088084792999999888e-12 3.105178554000000149e-12 1.176948069000000037e-12 -8.179908201999999532e-13 -5.270721372000000265e-13 8.794670009000000448e-13 9.090874287000000286e-13 1.343266992000000007e-11 2.179021871000000138e-12 3.273379388999999935e-12 1.217556441999999935e-12 -9.214953861000000691e-13 -6.199837794999999661e-13 8.807288956000000341e-13 6.488267377000000016e-13 9.332464389000000062e-13 1.097144807000000033e-12 1.333982458000000087e-12 1.561683621000000065e-12 1.796469038999999920e-12 2.045876540000000106e-12 2.288755597000000013e-12 7.314607120000000185e-13 1.045090823000000078e-12 1.232826135999999947e-12 1.500768705999999944e-12 1.767033657000000062e-12 2.053421828000000099e-12 2.369745533000000066e-12 2.692020447000000026e-12 7.840500310000000021e-13 1.118622523000000040e-12 1.319635794000000007e-12 1.604120312000000029e-12 1.888246128999999814e-12 2.197764923000000198e-12 2.547867964000000116e-12 2.915279675999999855e-12 8.070290970000000254e-13 1.151370960999999967e-12 1.356922640000000068e-12 1.647972584000000085e-12 1.939097152999999963e-12 2.257531027000000098e-12 2.621674125000000034e-12 3.009438797999999924e-12 8.478960923999999608e-13 1.200576173999999964e-12 1.419831917999999939e-12 1.729171626000000090e-12 2.047818076000000122e-12 2.405560400999999897e-12 2.818728335999999942e-12 3.259512935999999837e-12 9.245957042999999241e-13 1.305977149000000058e-12 1.543730105000000027e-12 1.876822760000000133e-12 2.220651496999999986e-12 2.612749675999999932e-12 3.077401498999999881e-12 3.589259022999999900e-12 9.621816058999999747e-13 1.356581098999999921e-12 1.603213250000000050e-12 1.946296385999999877e-12 2.300912162000000191e-12 2.707904130000000004e-12 3.195262490000000002e-12 3.741189252999999609e-12 1.017935547999999920e-12 1.431751324000000022e-12 1.693311146999999932e-12 2.052704761999999865e-12 2.425513989000000065e-12 2.855567661000000030e-12 3.378462815000000055e-12 3.975150744000000300e-12 1.067146228000000100e-12 1.497466947000000031e-12 1.771096664000000041e-12 2.143028618999999808e-12 2.529162877000000081e-12 2.976561247000000000e-12 3.526518479000000005e-12 4.165580617000000319e-12 1.131863173000000064e-12 1.583481044999999991e-12 1.872544862999999980e-12 2.261668565999999862e-12 2.665128108999999803e-12 3.132972926000000171e-12 3.716022041999999976e-12 4.407626642000000209e-12
8.680681320999999402e-12 -1.687986350999999921e-11 1.220534465000000061e-09 -2.810118157999999956e-11 -2.184438337000000035e-11 -1.522034144999999856e-11 -1.830534358000000032e-11 -2.224007561999999994e-11 8.276401768000000393e-13 7.692426320000000430e-13 1.146251660000000037e-11 2.517914896999999815e-12 3.100953659999999800e-12 1.465743119999999916e-12 -2.563376197000000051e-13 -3.111058506999999794e-13 9.498909729999999241e-13 8.154207430000000220e-13 1.400182764000000050e-11 2.840440624999999918e-12 3.613741170999999905e-12 1.656770416999999911e-12 -4.489736822999999757e-13 -4.855588808999999741e-13 1.045290605000000068e-12 8.372231204999999687e-13 1.657659735000000116e-11 3.119354366999999984e-12 4.081206731999999639e-12 1.747532942000000065e-12 -7.579951089000000205e-13 -8.168287293000000000e-13 1.092692608000000098e-12 8.568848780999999693e-13 1.768149191999999846e-11 3.240982579999999903e-12 4.285359750999999650e-12 1.804404591999999946e-12 -8.710397826000000250e-13 -9.326059668999999545e-13 8.167664966999999647e-13 1.108954568000000072e-12 1.457866649000000044e-12 1.759087593999999946e-12 2.079580352000000048e-12 2.356799643999999801e-12 2.599219771999999870e-12 2.811534551999999975e-12 9.252455062999999494e-13 1.249037130000000097e-12 1.636867566999999936e-12 1.978253871999999885e-12 2.350552400000000089e-12 2.691077395000000152e-12 3.011458148999999947e-12 3.315000799000000000e-12 9.948670354999999494e-13 1.339406976000000085e-12 1.754695650000000099e-12 2.116915234000000018e-12 2.514109994999999833e-12 2.882627155999999989e-12 3.239204381000000084e-12 3.590812174000000201e-12 1.025413675000000072e-12 1.378409216999999988e-12 1.805544128000000063e-12 2.175181972000000051e-12 2.581917751999999818e-12 2.961528473000000196e-12 3.333656790999999806e-12 3.707998299999999779e-12 1.076567061000000095e-12 1.443887936000000089e-12 1.881093499000000048e-12 2.276390315999999824e-12 2.717018465999999878e-12 3.146183969999999858e-12 3.581425941999999953e-12 4.024037734000000306e-12 1.177626749000000076e-12 1.573259521999999925e-12 2.047109770000000179e-12 2.471292399999999835e-12 2.947595189000000084e-12 3.418729258000000034e-12 3.912112136000000048e-12 4.434833294999999637e-12 1.226173587000000082e-12 1.635705332999999980e-12 2.125407744000000030e-12 2.561886288999999932e-12 3.053232275999999976e-12 3.542430476000000124e-12 4.062253379000000188e-12 4.624564720000000298e-12 1.299586580000000004e-12 1.729621458000000033e-12 2.245412580999999904e-12 2.703519472999999937e-12 3.219064805000000005e-12 3.737046160000000404e-12 4.296548575000000292e-12 4.915468942000000310e-12 1.363134413999999944e-12 1.811104927999999948e-12 2.347572336000000046e-12 2.820723769000000068e-12 3.355406695000000008e-12 3.893665906000000177e-12 4.484766747999999887e-12 5.153830043999999878e-12 1.446005583000000034e-12 1.917218784999999969e-12 2.479942991999999999e-12 2.973593809999999912e-12 3.530818697999999812e-12 4.095214385999999627e-12 4.725251820000000288e-12 5.456472119999999844e-12
2.796126473000000171e-12 -1.133710955000000009e-11 -2.810118157999999956e-11 2.322958036999999930e-09 -8.106174684000000133e-11 -3.166469360999999858e-11 -3.519534036999999811e-11 -4.285555100999999813e-11 1.065816974000000099e-12 1.052919965000000021e-12 1.357911343000000009e-12 1.526881594999999924e-11 3.867043123000000302e-12 4.647370034999999917e-12 1.940697478000000063e-12 1.609613480000000062e-14 1.236876475000000062e-12 1.169317850000000081e-12 1.458388279000000098e-12 1.858256319999999855e-11 4.400993566000000139e-12 5.453259593000000122e-12 2.196928622000000119e-12 -1.075453765999999993e-13 1.369289664000000075e-12 1.251637205999999916e-12 1.499802122000000040e-12 2.191150322999999937e-11 4.842305209000000369e-12 6.149397778999999831e-12 2.290161111999999858e-12 -4.256855914999999781e-13 1.435096504000000088e-12 1.293923998999999921e-12 1.532282571000000008e-12 2.332721825999999992e-11 5.029575394000000021e-12 6.455060950999999873e-12 2.357310421000000149e-12 -5.274808385000000378e-13 1.038449073999999985e-12 1.409210668000000016e-12 1.778458876000000002e-12 2.335538573999999979e-12 2.782369187999999907e-12 3.198672359999999970e-12 3.488483706000000022e-12 3.677913004000000016e-12 1.180132651999999993e-12 1.595183606999999912e-12 2.006082168000000135e-12 2.633042704000000075e-12 3.146687128000000057e-12 3.649372077000000154e-12 4.038873312000000045e-12 4.337766001000000087e-12 1.271142712999999908e-12 1.715050282999999953e-12 2.153042146000000038e-12 2.825658420999999922e-12 3.370507061999999879e-12 3.914340233000000340e-12 4.349309900999999682e-12 4.701110787000000015e-12 1.310808761000000086e-12 1.766681483000000093e-12 2.215941246999999955e-12 2.906252229000000007e-12 3.462255428999999889e-12 4.022277996000000287e-12 4.476817851000000244e-12 4.855228586999999708e-12 1.377943470999999996e-12 1.852841249999999923e-12 2.318859865999999887e-12 3.034988151999999854e-12 3.637872942000000066e-12 4.261318754000000223e-12 4.798470998000000085e-12 5.267302243000000292e-12 1.509928002000000003e-12 2.025151887000000004e-12 2.527682932999999808e-12 3.302654790000000128e-12 3.950516426999999906e-12 4.633655307000000163e-12 5.243823520999999906e-12 5.807339046000000156e-12 1.573343921999999977e-12 2.107026021000000013e-12 2.626448493000000145e-12 3.426266353999999887e-12 4.092059488999999893e-12 4.800985691000000351e-12 5.444683460999999805e-12 6.056344423000000215e-12 1.669712531999999984e-12 2.232244380000000133e-12 2.778213133000000069e-12 3.620526208000000100e-12 4.318096755999999900e-12 5.067806135999999829e-12 5.761327730000000193e-12 6.439190318999999722e-12 1.752985422000000065e-12 2.339214507000000039e-12 2.907431815999999988e-12 3.780419802000000387e-12 4.498965949999999847e-12 5.278337996999999651e-12 6.012424508999999830e-12 6.751429866000000254e-12 1.861478816999999839e-12 2.479356878000000170e-12 3.076123208999999969e-12 3.985745160999999734e-12 4.732278303000000242e-12 5.547856060999999946e-12 6.331652179000000307e-12 7.147712603000000239e-12
-4.457491416999999686e-12 -7.488725539999999505e-12 -2.184438337000000035e-11 -8.106174684000000133e-11 4.473359717999999641e-09 -1.942640237000000026e-10 -7.162533872000000248e-11 -8.488963954000000426e-11 9.630410345999999882e-13 1.769540509999999921e-12 1.476697372999999920e-12 2.334729655000000133e-12 1.990768636999999884e-11 5.465012289000000016e-12 6.669544600000000104e-12 2.199815917000000134e-12 1.086777778999999942e-12 2.059231167999999993e-12 1.644223289000000068e-12 2.537745140000000109e-12 2.423455507000000023e-11 6.288361352999999953e-12 7.943077004999999439e-12 2.512580378999999871e-12 1.173145409999999960e-12 2.284671422999999874e-12 1.745929873000000005e-12 2.648291432999999980e-12 2.851938705999999850e-11 6.943910924999999771e-12 9.006340723999999816e-12 2.587123498000000051e-12 1.220498527999999962e-12 2.395261227999999839e-12 1.800087187000000065e-12 2.710776956999999922e-12 3.032637297000000122e-11 7.219961833999999823e-12 9.474827343000000639e-12 2.648966661999999877e-12 1.276146531999999963e-12 1.740561490999999947e-12 2.192316655000000020e-12 2.789736152999999889e-12 3.542442067999999804e-12 4.172249104000000281e-12 4.629383927999999960e-12 4.818878153000000211e-12 1.457428207999999899e-12 1.978651995999999924e-12 2.485389356999999983e-12 3.161252098000000150e-12 4.023501212999999847e-12 4.765604378999999783e-12 5.361379782000000376e-12 5.686527630999999655e-12 1.573122901000000093e-12 2.131424704999999949e-12 2.672884962999999836e-12 3.395823140000000080e-12 4.323236270000000093e-12 5.117220730999999703e-12 5.778831216000000109e-12 6.167053586999999725e-12 1.623766733999999901e-12 2.197773121000000148e-12 2.753331482000000167e-12 3.494165519999999841e-12 4.446179543999999874e-12 5.259873702000000338e-12 5.949638609999999764e-12 6.370264869000000137e-12 1.711569763999999963e-12 2.310116444000000015e-12 2.888842708000000131e-12 3.666990529999999648e-12 4.672117198000000152e-12 5.570142429000000397e-12 6.365342006999999738e-12 6.904060494000000042e-12 1.880778612999999980e-12 2.530818813000000020e-12 3.157269079000000082e-12 3.998275777999999691e-12 5.088948403999999798e-12 6.064028975999999741e-12 6.962623403999999889e-12 7.617267811999999475e-12 1.962323955000000166e-12 2.636188764999999912e-12 3.284584273999999799e-12 4.151755245000000317e-12 5.277668475999999964e-12 6.284267931999999630e-12 7.229693823999999881e-12 7.944626419999999958e-12 2.085643851000000158e-12 2.797276401999999849e-12 3.480499191000000190e-12 4.393250627000000384e-12 5.580504413999999976e-12 6.640012936999999790e-12 7.656556726999999502e-12 8.452051120999999684e-12 2.192798865000000179e-12 2.935202542999999931e-12 3.648552540000000011e-12 4.592111652000000393e-12 5.821241269000000061e-12 6.917829952999999692e-12 7.990204402999999640e-12 8.862573852999999976e-12 2.332747929999999987e-12 3.116793426000000017e-12 3.866385423000000297e-12 4.851001914000000076e-12 6.130368350000000117e-12 7.272444449000000237e-12 8.412990898999999421e-12 9.382674457999999937e-12
-3.658969901999999988e-12 -9.109969751000000032e-12 -1.522034144999999856e-11 -3.166469360999999858e-11 -1.942640237000000026e-10 8.567103999999999949e-09 -3.960469249000000102e-10 -1.792391513999999880e-10 1.260747044999999925e-12 1.506923877999999925e-12 2.539126436999999884e-12 2.461424097999999832e-12 3.618360116999999864e-12 2.511774140000000117e-11 7.394422288000000406e-12 8.939041336999999825e-12 1.449367929999999969e-12 1.712126056000000050e-12 2.956336631000000186e-12 2.797471949000000142e-12 3.985509047000000404e-12 3.072400494999999836e-11 8.696449224999999317e-12 1.078293072000000015e-11 1.583341233000000046e-12 1.842329757999999891e-12 3.291146883000000130e-12 3.025824123000000148e-12 4.198458784000000082e-12 3.620880565999999705e-11 9.712185212000000522e-12 1.236230431000000009e-11 1.657027834999999900e-12 1.916670878000000158e-12 3.450933119000000094e-12 3.136524049999999963e-12 4.301068927999999657e-12 3.850021700999999846e-11 1.013818205000000070e-11 1.304624770999999964e-11 1.518564779999999916e-12 2.073122624999999855e-12 2.636786920000000116e-12 3.351648525000000119e-12 4.119847203999999932e-12 5.083246152999999878e-12 5.901758855000000073e-12 6.254009721999999861e-12 1.745381819999999981e-12 2.370208112999999960e-12 3.002478803999999933e-12 3.813368367999999624e-12 4.705305634999999854e-12 5.842195833000000049e-12 6.842228971999999925e-12 7.380017980999999338e-12 1.888445281000000006e-12 2.558620568999999974e-12 3.233883006999999843e-12 4.101650772999999699e-12 5.059954903000000373e-12 6.290620721999999815e-12 7.381504009000000005e-12 8.012766855999999199e-12 1.951727226000000189e-12 2.641019973000000038e-12 3.334121228000000142e-12 4.223451407000000326e-12 5.206781785999999619e-12 6.474089211000000333e-12 7.601822507000000024e-12 8.278923132000000398e-12 2.064847957999999806e-12 2.786147636000000095e-12 3.508846369000000055e-12 4.447489301999999598e-12 5.502940295999999872e-12 6.871007708000000258e-12 8.133565399000000250e-12 8.959206800999999888e-12 2.275621130000000037e-12 3.060957274999999957e-12 3.843899596999999671e-12 4.858817706999999753e-12 6.005278989000000210e-12 7.504657385000000644e-12 8.904821268000000167e-12 9.891563048000000118e-12 2.378223872999999814e-12 3.193537412999999845e-12 4.003808052000000105e-12 5.051296349000000039e-12 6.234866748999999840e-12 7.788047306999999956e-12 9.248540429000000209e-12 1.031716758999999989e-11 2.532781780000000096e-12 3.394124712999999959e-12 4.248535327000000054e-12 5.351575137999999704e-12 6.600061737999999826e-12 8.245324916999999310e-12 9.801088988999999967e-12 1.098305187000000057e-11 2.668087140000000080e-12 3.568161324999999972e-12 4.458778375999999949e-12 5.601854197999999666e-12 6.895109842999999823e-12 8.602796064999999321e-12 1.023037561999999953e-11 1.151610938999999946e-11 2.845191802000000084e-12 3.796202358999999779e-12 4.734317556000000380e-12 5.928505512000000403e-12 7.276911683999999408e-12 9.058772840000000127e-12 1.077382664999999922e-11 1.218962736999999948e-11
-4.274417366000000261e-12 -9.404550735000000049e-12 -1.830534358000000032e-11 -3.519534036999999811e-11 -7.162533872000000248e-11 -3.960469249000000102e-10 1.639814286999999872e-08 -7.981930290000000218e-10 1.415532284999999913e-12 1.720974425999999985e-12 2.289972805000000029e-12 3.235274672000000175e-12 3.800763088999999769e-12 5.323796332999999638e-12 3.043436738999999972e-11 9.382864363999999509e-12 1.641560899000000071e-12 1.972298434999999972e-12 2.620108827999999863e-12 3.734840051000000267e-12 4.379314499999999616e-12 6.008829859999999954e-12 3.760610876999999702e-11 1.126050030999999938e-11 1.802265023999999940e-12 2.131893464000000049e-12 2.854937951999999915e-12 4.109853901999999665e-12 4.785055777000000132e-12 6.422588794999999870e-12 4.454716873999999990e-11 1.274180430000000055e-11 1.887782566000000015e-12 2.222760040000000056e-12 2.975589858999999876e-12 4.293335143000000210e-12 4.983987798000000057e-12 6.608805708999999644e-12 4.744474458999999898e-11 1.338259367000000049e-11 1.731507294000000005e-12 2.363404639999999979e-12 3.030076105999999930e-12 3.910024925999999917e-12 4.814327895999999869e-12 5.688533333999999812e-12 6.832572303999999824e-12 7.748070674999999302e-12 2.004346549000000097e-12 2.719630293000000188e-12 3.468539223000000102e-12 4.465451590000000152e-12 5.517453355999999807e-12 6.580139091999999603e-12 7.975793139999999597e-12 9.145905394000000516e-12 2.174257294999999879e-12 2.942485224999999986e-12 3.741901758000000392e-12 4.807392893000000055e-12 5.936097447000000360e-12 7.091543469000000068e-12 8.626669298000000099e-12 9.937786071999999249e-12 2.250249732000000052e-12 3.040967513999999846e-12 3.861592867999999769e-12 4.953189339000000197e-12 6.110930934000000343e-12 7.302765123999999229e-12 8.894503747999999922e-12 1.026932699999999971e-11 2.391339876000000085e-12 3.222226253999999822e-12 4.079816103999999921e-12 5.232367710999999786e-12 6.480556682000000286e-12 7.802384685000000484e-12 9.554959667999999945e-12 1.110938015000000015e-11 2.644912708999999946e-12 3.551330963000000110e-12 4.480702276000000152e-12 5.725557810000000120e-12 7.080873169999999869e-12 8.537660664000000127e-12 1.049276588999999990e-11 1.227170352000000048e-11 2.769139309000000171e-12 3.711386824000000220e-12 4.673829533000000368e-12 5.958099139999999652e-12 7.357417642000000075e-12 8.870464183999999448e-12 1.091396586000000071e-11 1.280030231000000010e-11 2.954860373000000071e-12 3.951788247999999928e-12 4.966641511999999606e-12 6.318317442999999640e-12 7.794156986000000713e-12 9.400831772000000757e-12 1.158727092999999933e-11 1.363296460999999921e-11 3.119532216000000093e-12 4.162885580999999927e-12 5.221373258999999970e-12 6.622020981999999623e-12 8.150663057000000253e-12 9.823412251000000099e-12 1.211454510000000072e-11 1.429644896000000002e-11 3.335636364999999953e-12 4.440689521000000392e-12 5.556971612000000037e-12 7.019884750000000089e-12 8.614494014000000633e-12 1.036732345999999955e-11 1.278290846999999979e-11 1.513293676000000057e-11
-4.587689434999999970e-12 -1.010710642000000066e-11 -2.224007561999999994e-11 -4.285555100999999813e-11 -8.488963954000000426e-11 -1.792391513999999880e-10 -7.981930290000000218e-10 3.144515370999999722e-08 1.347875837999999912e-12 2.077767765000000185e-12 2.236718112999999889e-12 3.342234535999999827e-12 3.804497986999999859e-12 5.210030762000000219e-12 7.251519708999999726e-12 3.516429091000000283e-11 1.580770924000000099e-12 2.413933935999999892e-12 2.526808415000000028e-12 3.817128064000000362e-12 4.346005079999999803e-12 6.113565380000000171e-12 8.403762597000000514e-12 4.410830749999999885e-11 1.733886062999999929e-12 2.667513200000000040e-12 2.705542834999999901e-12 4.142380625999999890e-12 4.672628870999999935e-12 6.728978086999999993e-12 9.165611981999999867e-12 5.269599168999999959e-11 1.815825256000000045e-12 2.796275591000000044e-12 2.814975141000000098e-12 4.320546023000000397e-12 4.852670128999999704e-12 7.023885432999999804e-12 9.497110989999999390e-12 5.631895063999999953e-11 1.876601214000000148e-12 2.561740452000000143e-12 3.297323705999999855e-12 4.315379196000000206e-12 5.426370813000000080e-12 6.450898425000000209e-12 7.289490743000000122e-12 8.465390683999999841e-12 2.188471382999999998e-12 2.967831523999999990e-12 3.796293614999999757e-12 4.951031258000000223e-12 6.236781911999999916e-12 7.477303991999999389e-12 8.571553203000000706e-12 1.007067354999999997e-11 2.379563166000000109e-12 3.217622489999999919e-12 4.101932440000000188e-12 5.333920277999999615e-12 6.710000815000000273e-12 8.057039126000000037e-12 9.276089346000000467e-12 1.096353137000000079e-11 2.466013828000000003e-12 3.329490946000000052e-12 4.237522702000000185e-12 5.499715783000000049e-12 6.910004877999999730e-12 8.298117497000000456e-12 9.570287133000000517e-12 1.134181189000000072e-11 2.634382093000000151e-12 3.545781218999999952e-12 4.498187636000000139e-12 5.832406075000000344e-12 7.349113995999999987e-12 8.891325593000000752e-12 1.036070684999999958e-11 1.234035753999999944e-11 2.923785440000000119e-12 3.919914685999999932e-12 4.952586348999999948e-12 6.394354360000000287e-12 8.037040165000000673e-12 9.732517354000000578e-12 1.139641444000000077e-11 1.366899927999999944e-11 3.067003361000000128e-12 4.104229440999999737e-12 5.174395188000000280e-12 6.661948018999999759e-12 8.356829326000000029e-12 1.011662945000000077e-11 1.186825670999999996e-11 1.427978127000000046e-11 3.278971938000000004e-12 4.377505698999999967e-12 5.506554944000000016e-12 7.072044244999999608e-12 8.857292632000000602e-12 1.072335080000000000e-11 1.261024307999999939e-11 1.523172334999999996e-11 3.469604925000000095e-12 4.621484694000000292e-12 5.800733471999999741e-12 7.422917433999999884e-12 9.270371987999999323e-12 1.121240928999999939e-11 1.320592852999999985e-11 1.600200426000000120e-11 3.720863859000000281e-12 4.944327085000000212e-12 6.189896427000000002e-12 7.884908917000000616e-12 9.810075861999999383e-12 1.184443248999999959e-11 1.396703425999999982e-11 1.697515472999999936e-11
5.554295750000000244e-12 6.906496224999999543e-13 8.276401768000000393e-13 1.065816974000000099e-12 9.630410345999999882e-13 1.260747044999999925e-12 1.415532284999999913e-12 1.347875837999999912e-12 8.144199179000000500e-11 -1.086351023999999927e-12 3.912406452999999761e-12 1.665832188000000016e-12 -6.471244390999999594e-13 -1.246541460000000023e-13 3.063276390000000207e-13 6.793876382000000236e-13 6.970175537000000360e-12 1.420999105000000032e-12 2.358307768000000023e-12 8.471816520000000115e-13 -2.174048532000000098e-13 1.760895493999999965e-13 9.435450137000000649e-13 1.702603616999999959e-12 8.671217964000000677e-12 1.636064863999999930e-12 2.802264117999999995e-12 8.900515290999999718e-13 -4.760556269000000325e-13 -2.831628885000000027e-14 8.720738619999999625e-13 1.789818772999999903e-12 9.355713454999999335e-12 1.731470756999999900e-12 2.988384503999999881e-12 9.209240942000000041e-13 -5.706013598999999725e-13 -1.112914099000000001e-13 8.732653952999999917e-13 1.828866860999999914e-12 3.200991606000000001e-12 1.183690127999999955e-12 1.629795125999999964e-12 1.147707746000000003e-12 8.957803882000000459e-13 1.266634175999999981e-12 1.814719133000000015e-12 2.355239287999999946e-12 2.370072979000000194e-12 1.176704402000000078e-12 1.546625771999999922e-12 1.360250888000000077e-12 1.340586209999999959e-12 1.744808870000000028e-12 2.282466765000000139e-12 2.834894738000000144e-12 2.744710141999999860e-12 1.285418230000000018e-12 1.710270770999999910e-12 1.459585086000000083e-12 1.401311394999999971e-12 1.839913259999999926e-12 2.446061929999999922e-12 3.074923181999999983e-12 2.904666005999999905e-12 1.333372475999999986e-12 1.780029728999999956e-12 1.501310362999999983e-12 1.424991112000000022e-12 1.878633088000000195e-12 2.511925822999999855e-12 3.172911936000000012e-12 9.738422484999999515e-13 1.156525766999999956e-12 1.380421680000000090e-12 1.655331928999999950e-12 1.995757768000000119e-12 2.438554294000000193e-12 2.961813318999999968e-12 3.520888977000000107e-12 1.064759764999999984e-12 1.269802022999999921e-12 1.511674473999999949e-12 1.808562618000000041e-12 2.177817864000000035e-12 2.664622874000000085e-12 3.251596054000000015e-12 3.895655087000000394e-12 1.107522120000000083e-12 1.322788881000000029e-12 1.573359983000000007e-12 1.880461723000000097e-12 2.261783775999999806e-12 2.766595836999999981e-12 3.380560831000000171e-12 4.063498732000000054e-12 1.173921210000000083e-12 1.406771288999999961e-12 1.670461177999999909e-12 1.993300523999999929e-12 2.395580067000000072e-12 2.931074649999999807e-12 3.591115438999999893e-12 4.336371481000000287e-12 1.229597866999999967e-12 1.476024562999999998e-12 1.751678042000000001e-12 2.087069829000000087e-12 2.503862981000000109e-12 3.060692425000000145e-12 3.753170670999999962e-12 4.546894704000000391e-12 1.300611819000000081e-12 1.565633430000000066e-12 1.858136290000000198e-12 2.209033833999999831e-12 2.644970244000000120e-12 3.226853239999999899e-12 3.957939645999999921e-12 4.809860795999999644e-12
1.161621037000000061e-12 8.606826952000000186e-12 7.692426320000000430e-13 1.052919965000000021e-12 1.769540509999999921e-12 1.506923877999999925e-12 1.720974425999999985e-12 2.077767765000000185e-12 -1.086351023999999927e-12 1.660801545999999890e-10 -1.703521514999999981e-12 -7.289059732999999732e-14 1.289471026000000063e-13 -1.095845342999999982e-12 -8.664490893000000307e-13 -2.682498206999999779e-13 9.343878227000000493e-13 1.066387905000000025e-11 2.001669276999999813e-12 3.015704360999999904e-12 1.588474536000000037e-12 7.014050272999999451e-14 4.087361728000000157e-13 1.651005757000000000e-12 1.045642303999999964e-12 1.320291891999999959e-11 2.238626759999999951e-12 3.494212346000000183e-12 1.692306381999999993e-12 -2.527293482000000096e-13 1.398247784999999988e-13 1.633153410999999961e-12 1.099447744000000028e-12 1.423018467999999957e-11 2.343415031999999859e-12 3.698400255999999624e-12 1.755623480999999943e-12 -3.468163429000000171e-13 3.421073799999999980e-14 1.666859834000000046e-12 9.573943469000000073e-13 5.055735991999999988e-12 1.855716137999999868e-12 2.413660179000000011e-12 2.022639846999999961e-12 1.655101281999999994e-12 2.048041416000000124e-12 2.794811722000000165e-12 1.040018493000000008e-12 3.795892557000000336e-12 1.883455387999999880e-12 2.411725721999999913e-12 2.356507929999999878e-12 2.330151035999999962e-12 2.810729291999999931e-12 3.515921043999999814e-12 1.126954237999999966e-12 4.375651124999999680e-12 2.042059373999999958e-12 2.636297979999999869e-12 2.529975729999999887e-12 2.456810607000000033e-12 2.987639391999999888e-12 3.805333323000000269e-12 1.165063147999999949e-12 4.623017827999999684e-12 2.109559064999999935e-12 2.730574521000000059e-12 2.602789208000000152e-12 2.507195748000000094e-12 3.058701923999999813e-12 3.924346651000000392e-12 1.151360729999999910e-12 1.699307180999999952e-12 1.922450275999999877e-12 2.355759807000000118e-12 2.804863217999999888e-12 3.315165651000000183e-12 3.918709560999999765e-12 4.559624636000000213e-12 1.263085038999999938e-12 1.861475518999999890e-12 2.104500931000000110e-12 2.572374971000000044e-12 3.059525781000000188e-12 3.621675140999999882e-12 4.302529302000000183e-12 5.048145281999999930e-12 1.316217928999999907e-12 1.936728740999999936e-12 2.189626027999999863e-12 2.671837407999999914e-12 3.175130278000000086e-12 3.758808118999999729e-12 4.473015611999999763e-12 5.268305282999999639e-12 1.398554458999999994e-12 2.056364949999999964e-12 2.324507538999999902e-12 2.831770467999999849e-12 3.362441440999999869e-12 3.982418249999999705e-12 4.752160003000000125e-12 5.623569181000000180e-12 1.468199953000000022e-12 2.153045841999999877e-12 2.434892889999999909e-12 2.961126768999999869e-12 3.511042996000000194e-12 4.156524339999999742e-12 4.966620599000000070e-12 5.899301487999999748e-12 1.558474076999999989e-12 2.277020990000000011e-12 2.577682799000000011e-12 3.128661149999999977e-12 3.702275368000000231e-12 4.379720331000000241e-12 5.237530001000000169e-12 6.244775209000000148e-12
1.828373850999999983e-12 1.669596280999999956e-12 1.146251660000000037e-11 1.357911343000000009e-12 1.476697372999999920e-12 2.539126436999999884e-12 2.289972805000000029e-12 2.236718112999999889e-12 3.912406452999999761e-12 -1.703521514999999981e-12 3.026129484999999952e-10 -2.748563954999999853e-12 -1.269371161999999952e-12 -3.505131264999999771e-13 -2.350780466999999928e-12 -3.385916406999999897e-12 1.147191831999999904e-12 1.030061396000000082e-12 1.405067778000000024e-11 3.050374531000000056e-12 4.088103588999999922e-12 2.367444233000000022e-12 4.393004102000000144e-13 4.775555263000000379e-13 1.274428187000000033e-12 1.059374834000000034e-12 1.729015111999999858e-11 3.376793735999999977e-12 4.683004256999999947e-12 2.532798990999999983e-12 7.389674199999999905e-14 1.195225907000000084e-13 1.337100872000000022e-12 1.086495172000000001e-12 1.859465491999999870e-11 3.515341619000000163e-12 4.926069513999999905e-12 2.615507179999999856e-12 -3.661448869999999776e-14 2.052545499999999818e-15 1.172803176999999963e-12 1.431616669000000000e-12 6.926529981999999735e-12 2.919928258999999976e-12 3.553199910999999841e-12 3.096151126000000102e-12 2.571085553999999832e-12 2.806668044000000070e-12 1.288029907000000039e-12 1.638375670999999985e-12 5.299347641999999738e-12 2.992276902999999982e-12 3.650476331000000123e-12 3.627320215999999948e-12 3.554637510000000146e-12 3.948486048000000076e-12 1.398924378000000068e-12 1.758670693000000038e-12 6.075011905000000111e-12 3.238389788000000162e-12 3.978632089000000331e-12 3.904390271000000373e-12 3.785737655999999647e-12 4.236408735999999844e-12 1.446987750999999959e-12 1.810527840000000046e-12 6.403092601000000189e-12 3.339396159000000004e-12 4.112376074000000080e-12 4.017491336000000092e-12 3.878501694000000044e-12 4.356110777999999650e-12 1.441500409999999981e-12 1.947432157000000123e-12 2.617369606000000168e-12 3.096280273000000030e-12 3.727948715000000069e-12 4.351443078999999917e-12 4.984928265000000377e-12 5.625708649000000330e-12 1.587056567999999966e-12 2.135686367999999907e-12 2.869652852999999930e-12 3.383934979000000020e-12 4.069699473999999644e-12 4.757790600000000009e-12 5.477023729999999994e-12 6.233298907000000058e-12 1.655651791999999999e-12 2.223442253000000058e-12 2.984347683999999888e-12 3.514176068999999819e-12 4.222741673999999624e-12 4.937606999000000320e-12 5.694020652000000318e-12 6.507655086000000201e-12 1.763940700000000055e-12 2.362705593999999808e-12 3.171184830999999994e-12 3.727757369000000150e-12 4.474931076999999948e-12 5.234893525000000139e-12 6.052747674999999903e-12 6.950203234999999940e-12 1.853594261000000066e-12 2.477313858999999991e-12 3.319393442999999846e-12 3.896127737000000204e-12 4.670057300000000052e-12 5.461833100999999700e-12 6.325962652999999654e-12 7.294452748999999885e-12 1.969987955000000041e-12 2.625491236999999876e-12 3.509677987000000112e-12 4.111896483000000012e-12 4.919852864000000276e-12 5.750143484999999642e-12 6.670276098999999929e-12 7.726062855000000576e-12
4.988788996999999711e-13 2.318575479000000090e-12 2.517914896999999815e-12 1.526881594999999924e-11 2.334729655000000133e-12 2.461424097999999832e-12 3.235274672000000175e-12 3.342234535999999827e-12 1.665832188000000016e-12 -7.289059732999999732e-14 -2.748563954999999853e-12 5.709850034000000405e-10 -1.256952517999999954e-11 -5.352425222999999775e-13 -3.427988165999999855e-12 -6.663736791000000092e-12 1.508375178000000028e-12 1.539186741000000053e-12 1.772814053000000017e-12 1.871336832000000107e-11 4.856601047999999989e-12 6.244510549000000365e-12 3.257214262000000065e-12 1.125256894000000010e-12 1.692052845000000031e-12 1.649123555000000017e-12 1.822277843999999945e-12 2.288154374000000072e-11 5.387156583000000029e-12 7.131532336000000192e-12 3.433304665000000110e-12 7.665735251000000467e-13 1.778107031000000095e-12 1.703648954999999958e-12 1.866075392000000084e-12 2.455930697999999839e-11 5.623123244999999990e-12 7.511259976999999564e-12 3.531836400999999934e-12 6.826277081000000211e-13 1.513228423999999936e-12 1.864288983999999856e-12 2.389966134000000066e-12 9.645020651999999941e-12 4.639805846999999918e-12 5.497694349999999859e-12 4.567627702999999785e-12 3.899177517000000392e-12 1.664758921999999946e-12 2.127832939999999831e-12 2.699267278999999985e-12 7.600073535999999209e-12 4.802315372000000332e-12 5.716704454999999650e-12 5.465690227999999942e-12 5.322099363999999697e-12 1.813052901000000061e-12 2.300573661999999869e-12 2.897718825999999993e-12 8.656148254000000102e-12 5.204377256000000326e-12 6.238993931999999878e-12 5.905751615999999965e-12 5.732875530999999754e-12 1.876785735000000166e-12 2.373365400000000186e-12 2.982277431999999999e-12 9.097076536000000722e-12 5.364875480999999678e-12 6.449833188000000404e-12 6.084847445000000168e-12 5.903562794999999694e-12 1.861208543000000095e-12 2.498912545999999884e-12 3.157720129999999912e-12 4.225153158000000378e-12 5.013514174000000130e-12 5.928228461999999607e-12 6.719282685999999601e-12 7.397759652000000718e-12 2.052830760999999931e-12 2.748194055999999952e-12 3.463132770000000152e-12 4.632243453000000342e-12 5.480198742000000354e-12 6.488180446999999877e-12 7.389058833999999865e-12 8.201097467999999433e-12 2.143400834000000125e-12 2.864196035000000067e-12 3.604250718999999918e-12 4.813407472000000036e-12 5.686782585999999651e-12 6.733126393000000171e-12 7.682799875999999431e-12 8.561178153000000532e-12 2.286022301000000071e-12 3.049255310000000074e-12 3.830614127000000270e-12 5.116841508999999606e-12 6.032320945999999755e-12 7.145696354000000326e-12 8.172259177000000425e-12 9.146796928000000312e-12 2.403990759999999851e-12 3.200775253000000009e-12 4.014316658999999602e-12 5.349463352999999928e-12 6.295095962000000215e-12 7.453822774999999824e-12 8.539855397999999351e-12 9.600430528999999891e-12 2.555773277999999901e-12 3.396739352999999857e-12 4.251111364000000383e-12 5.645375009999999950e-12 6.629870317000000342e-12 7.842441074000000101e-12 9.000941520999999609e-12 1.016834646000000045e-11
-4.270508131999999751e-13 9.851175489999999774e-13 3.100953659999999800e-12 3.867043123000000302e-12 1.990768636999999884e-11 3.618360116999999864e-12 3.800763088999999769e-12 3.804497986999999859e-12 -6.471244390999999594e-13 1.289471026000000063e-13 -1.269371161999999952e-12 -1.256952517999999954e-11 1.092752560999999947e-09 -3.451246320999999885e-11 -5.159466594999999838e-12 -1.267834004999999990e-11 1.445130375999999905e-12 2.543169512000000095e-12 2.268466804999999939e-12 3.063637849000000063e-12 2.470149965000000072e-11 7.205524573000000056e-12 9.243742176999999526e-12 4.025718709999999675e-12 1.569211590999999932e-12 2.855453962000000198e-12 2.403425112999999979e-12 3.201967291999999843e-12 3.008007155999999844e-11 8.030977759000000613e-12 1.062153124999999979e-11 4.161959489999999795e-12 1.631596086000000046e-12 2.995123149000000098e-12 2.490559742999999918e-12 3.278891225999999844e-12 3.222935779999999904e-11 8.372678824000000387e-12 1.121334637999999944e-11 4.269130836999999697e-12 1.719255792999999905e-12 2.562280552000000116e-12 2.882644184000000028e-12 3.941589227000000266e-12 1.317319358000000063e-11 6.934345115000000161e-12 8.075491136999999819e-12 6.209756205000000058e-12 1.976958375999999928e-12 2.824334947000000067e-12 3.334334678000000170e-12 4.403227940999999920e-12 1.071128814000000015e-11 7.321966222000000492e-12 8.527737981000000430e-12 7.682596435999999607e-12 2.147554680000000190e-12 3.076022624999999954e-12 3.603108731999999832e-12 4.740023791999999854e-12 1.214618515999999927e-11 7.956655515000000304e-12 9.352877515000000128e-12 8.352751728000000019e-12 2.220984404000000084e-12 3.184111240000000080e-12 3.715517645000000322e-12 4.878431500000000305e-12 1.273790898999999953e-11 8.207335790000000360e-12 9.686938412000000634e-12 8.628275945000000310e-12 2.340250593999999981e-12 3.158789444999999955e-12 3.961061743000000108e-12 5.085472803000000046e-12 6.588221271000000027e-12 7.815328114999999216e-12 8.999605527000000442e-12 9.789651612999999697e-12 2.588140049999999944e-12 3.482417425000000148e-12 4.355958979000000039e-12 5.579578946000000269e-12 7.229251512000000200e-12 8.565335038999999847e-12 9.907273048000000664e-12 1.086239798000000053e-11 2.704715504999999879e-12 3.634115625000000169e-12 4.539020166999999729e-12 5.803532681999999717e-12 7.510030565999999466e-12 8.891016181000000242e-12 1.030370452999999943e-11 1.134310094000000006e-11 2.889496175999999938e-12 3.874908675000000139e-12 4.833636035000000206e-12 6.170945373000000296e-12 7.988214727000000592e-12 9.445527281000000702e-12 1.097111259999999957e-11 1.212677212999999949e-11 3.042615830000000071e-12 4.072426611999999924e-12 5.072592575999999735e-12 6.459606924999999616e-12 8.345414425000000616e-12 9.855844012000000047e-12 1.146517164999999985e-11 1.272936014999999988e-11 3.240744434999999998e-12 4.327357973000000360e-12 5.381829785000000260e-12 6.830669427999999991e-12 8.797263532000000619e-12 1.037145632000000038e-11 1.208229378000000021e-11 1.348149419999999974e-11
