6.378451922871565943e-20 9.815136341848355737e-20 9.517110393295754945e-20 7.134443394865557985e-20 4.606492181224295662e-20 1.869767581139591291e-21 3.085242866892826315e-21 3.140371514516788410e-21 2.242656964550982430e-21 1.051139296933848870e-21 2.506712069973011596e-21 4.225513089697269508e-21 4.369884319056441807e-21 3.116836285944877520e-21 1.414741425421180848e-21 3.179463544094323410e-21 5.437527454060778634e-21 5.675868049047205838e-21 4.032079700727602899e-21 1.774595354288733167e-21 3.698055771929781938e-21 6.370490089558943731e-21 6.663564629931690802e-21 4.695513482498720572e-21 2.008213796894630266e-21 7.155678604621002608e-22 8.725862736014835689e-22 6.865586877519850824e-22 5.062461483865447496e-22 3.309595927499096476e-22 8.284743130090698710e-22 1.028070449438540779e-21 8.370338281152875976e-22 6.286762512363216940e-22 4.046365106022433665e-22 9.300469210432102426e-22 1.173346914516184172e-21 9.824203317179154715e-22 7.475741622274785515e-22 4.752847968263306994e-22 9.871592044368942676e-22 1.261971359109065145e-21 1.076715968256747253e-21 8.249335039951909068e-22 5.199664020370575085e-22 9.828671112908591001e-22 1.243417878449809937e-21 1.048666289446691712e-21 7.994659618304418323e-22 5.048229965865432040e-22 1.124992375761703791e-21 1.448525527730500305e-21 1.255989667657068698e-21 9.670221178145157034e-22 6.016352010171273183e-22 1.206752647314893253e-21 1.575687911477730950e-21 1.391535001594387756e-21 1.076821925993102769e-21 6.635227024861304917e-22 1.311580616510653468e-21 1.718973520066932836e-21 1.529958402909404090e-21 1.185318930051199649e-21 7.246650178990611576e-22 1.421193587872556878e-21 1.889202141153567302e-21 1.710803117301870382e-21 1.329618378205844160e-21 8.039855012738781645e-22 1.555566068637624504e-21 2.096202785759042910e-21 1.928010670764836187e-21 1.499574248095417686e-21 8.954311139422790712e-22
9.815136341848355737e-20 2.162729550394322328e-19 2.734416483502240757e-19 2.442135968904801342e-19 1.747031946161805248e-19 3.085280508478937322e-21 5.883624420184869641e-21 7.070147379807605615e-21 5.936900548579732948e-21 3.383247457077392407e-21 4.225364550681825126e-21 8.192885165743926713e-21 9.946834462919959600e-21 8.356553558156958972e-21 4.709283392117099306e-21 5.437126992549602990e-21 1.065542578977494163e-20 1.301130838752644953e-20 1.091592600855035438e-20 6.083632063841896911e-21 6.369987439530475544e-21 1.255280296485422405e-20 1.535559029719250341e-20 1.284137730390656354e-20 7.084378421697067046e-21 8.724700344605734258e-22 1.147610392457230324e-21 1.015958091142883180e-21 8.153649397985726982e-22 5.530940130535282850e-22 1.027599031363578984e-21 1.390393559045762142e-21 1.285662766976576044e-21 1.055649028196112302e-21 7.108657638013807620e-22 1.172540358114805550e-21 1.626980822304552371e-21 1.556805614349247935e-21 1.298869421696251044e-21 8.698024158374611855e-22 1.261030192126657238e-21 1.783454766409080968e-21 1.745693915923825119e-21 1.469713949154739773e-21 9.803605925563901547e-22 1.241873972605589312e-21 1.729850213986044666e-21 1.666960692322133641e-21 1.393627768343509756e-21 9.295947292609187347e-22 1.445927862800988306e-21 2.065100833532971578e-21 2.053272075984263449e-21 1.737458255188726248e-21 1.150780941083325982e-21 1.572630224921539381e-21 2.289142266237495923e-21 2.323562376812059250e-21 1.979944228692181846e-21 1.305612600101684923e-21 1.714524045717038078e-21 2.507548385048860614e-21 2.563334785815452479e-21 2.187376989737669180e-21 1.436264232588925541e-21 1.883864123096110496e-21 2.806007880595509031e-21 2.921972641395751143e-21 2.506066502555015871e-21 1.637072106767043466e-21 2.089814089601952184e-21 3.165835672289644960e-21 3.350202524089816030e-21 2.882185697748376641e-21 1.871468082873110866e-21
9.517110393295754945e-20 2.734416483502240757e-19 4.696666160524952246e-19 5.279181331635393172e-19 4.391438865115655174e-19 3.139930466248506703e-21 7.069616098649419514e-21 1.024947214876780159e-20 1.041872105740123422e-20 7.432419129849109333e-21 4.368805751411791489e-21 9.945733453889651146e-21 1.449832572661407271e-20 1.474711624361033893e-20 1.049137344689772988e-20 5.674086705574977963e-21 1.300961779617870333e-20 1.902748076979576128e-20 1.935515440352610997e-20 1.373486272649165521e-20 6.661678111872947808e-21 1.535386460140241928e-20 2.251545024648900034e-20 2.290947051724069726e-20 1.622810688664021804e-20 6.841982461732670522e-22 1.013376477082462981e-21 1.070547090999071680e-21 9.859116979760471859e-22 7.314792838732528157e-22 8.330204849610451884e-22 1.281498941716476292e-21 1.414876673779663240e-21 1.329566885077547474e-21 9.867291492243052920e-22 9.769884771340493296e-22 1.551308928764266847e-21 1.769947753945116777e-21 1.686312309657781058e-21 1.251957186368398510e-21 1.070820153441838821e-21 1.739781877674824392e-21 2.028292161575514581e-21 1.948920831105350820e-21 1.447660279034970384e-21 1.040834196386045095e-21 1.659348978923155051e-21 1.902980082993582848e-21 1.814956372310784753e-21 1.344724595706662287e-21 1.244747721508877983e-21 2.042660844203496542e-21 2.408277035686526921e-21 2.320153375317491179e-21 1.717512230631724987e-21 1.379042373898138710e-21 2.311911539549600696e-21 2.776642758728349703e-21 2.692723118795569667e-21 1.993369608273017568e-21 1.513504039343998436e-21 2.548336943655752513e-21 3.074423111103149389e-21 2.982745166022484333e-21 2.203376517018638926e-21 1.692271316828190661e-21 2.905350483630385237e-21 3.561108501869704009e-21 3.472343511133381194e-21 2.563811816471935960e-21 1.907711508489137679e-21 3.332441341124334276e-21 4.139750149655170630e-21 4.051181958656182965e-21 2.988174868139797278e-21
7.134443394865557985e-20 2.442135968904801342e-19 5.279181331635393172e-19 7.663756572007254106e-19 7.816997066840664640e-19 2.241722580921189042e-21 5.935820488534422027e-21 1.041818808824466024e-20 1.295248489750439465e-20 1.157432042000716678e-20 3.115624544410287447e-21 8.355258885236644959e-21 1.474669713520244911e-20 1.836108603641025190e-20 1.641022917160491692e-20 4.030756048355928283e-21 1.091463969071027883e-20 1.935502051140625065e-20 2.414270419429397608e-20 2.159607231673962754e-20 4.694800684150454131e-21 1.284083873986354151e-20 2.290989638475031568e-20 2.866982496450354351e-20 2.569010768470270949e-20 5.025773739099366598e-22 8.112659773413293046e-22 9.841566812169507079e-22 1.034621397008197599e-21 8.677589111650283568e-22 6.235033259191340555e-22 1.050034695029447225e-21 1.327460286861438959e-21 1.419521588674934937e-21 1.195501311164826200e-21 7.412328728517960552e-22 1.292109828701315447e-21 1.684004904633256178e-21 1.822800391868129470e-21 1.540838538678342479e-21 8.185071214818878896e-22 1.462930128641880900e-21 1.946792483747787510e-21 2.125594712746452854e-21 1.802874861470612801e-21 7.917419954408776130e-22 1.385695829723812241e-21 1.812798816542360691e-21 1.962771539994449533e-21 1.656906747337759836e-21 9.575073602806356967e-22 1.728060983136371955e-21 2.318351630693117855e-21 2.533335710423191613e-21 2.144018735772960577e-21 1.067330862289708858e-21 1.970820881773709112e-21 2.691612560967642031e-21 2.962365051936458161e-21 2.514394211107313515e-21 1.174587351746134600e-21 2.177594007406699931e-21 2.982740169817959556e-21 3.281583436788366824e-21 2.781639761692494145e-21 1.319650117014434515e-21 2.497626512585847100e-21 3.474083070640590183e-21 3.845083171100295090e-21 3.267379628837307077e-21 1.492912226608132224e-21 2.878060138179708150e-21 4.056594640452736234e-21 4.512094545533748987e-21 3.842228627744523815e-21
4.606492181224295662e-20 1.747031946161805248e-19 4.391438865115655174e-19 7.816997066840664640e-19 1.006638293759183988e-18 1.050449889962417966e-21 3.382453095674976268e-21 7.431996267399300571e-21 1.157425765341074798e-20 1.305637354765836026e-20 1.414390820084202669e-21 4.708934589258014759e-21 1.049143950472023470e-20 1.641043962354357535e-20 1.854252098968400447e-20 1.774885506393185161e-21 6.084092952801475468e-21 1.373568795661497071e-20 2.159666370674721747e-20 2.446423923096425780e-20 2.009475663837117842e-21 7.085975126009641144e-21 1.622976731238889535e-20 2.569101991390474038e-20 2.920580689744885683e-20 3.289351740596253472e-22 5.508360221428125375e-22 7.305881221337997673e-22 8.678789807686133726e-22 8.391544882398611364e-22 4.024668921274551346e-22 7.085599535902998308e-22 9.862622697658992200e-22 1.196038365125906788e-21 1.165185491773899678e-21 4.731524332819781943e-22 8.676491449177455927e-22 1.251987782419186046e-21 1.541780066970233991e-21 1.511890050200653502e-21 5.182639838953332627e-22 9.787392921325974211e-22 1.448197775697207106e-21 1.804075288642556140e-21 1.779414461595171523e-21 5.033870983514487116e-22 9.284740747245255026e-22 1.346118835663605030e-21 1.658677294875823100e-21 1.625266436487918370e-21 6.015182654737518454e-22 1.151503103299306216e-21 1.721115212213430587e-21 2.147086904191574680e-21 2.115127020061879775e-21 6.648299762103237029e-22 1.308101579467290754e-21 1.998557536743963526e-21 2.518219439690176395e-21 2.493882482730232111e-21 7.286463091082885079e-22 1.442244262365637346e-21 2.212071208545761328e-21 2.787309253025035201e-21 2.758104008928547570e-21 8.113501136794759708e-22 1.647182130479416062e-21 2.575977603892703742e-21 3.274614917622488664e-21 3.256064501827631376e-21 9.093767520177016381e-22 1.889388519233870756e-21 3.006344274456230257e-21 3.851910223170692041e-21 3.847399580847918419e-21
1.869767581139591291e-21 3.085280508478937322e-21 3.139930466248506703e-21 2.241722580921189042e-21 1.050449889962417966e-21 2.095563478866515870e-20 3.223811369578242508e-20 3.128111934729337453e-20 2.330932288087793282e-20 1.464304604080373791e-20 2.688867469425378934e-21 4.492518369551568933e-21 4.669385177016512098e-21 3.409834969379139061e-21 1.625948942639450553e-21 3.235605749625171104e-21 5.467648742504018443e-21 5.731852012648999598e-21 4.186928359136679537e-21 1.971907867611602790e-21 3.538443729373072188e-21 6.007375368534969592e-21 6.313373543898672473e-21 4.600848187019416657e-21 2.145318375640518732e-21 1.707493180126621919e-21 2.596114334905152709e-21 2.533384325122648678e-21 1.868746743595411575e-21 9.781049386762356433e-22 1.666751510809516379e-21 2.456693917975574949e-21 2.366213247408531042e-21 1.777510995459136343e-21 9.692256343130041173e-22 1.991573605715334234e-21 3.003095133279923105e-21 2.951027951171339737e-21 2.216856333337398056e-21 1.179145428837564308e-21 2.211330583260761466e-21 3.384263097660930378e-21 3.359160128648801062e-21 2.511935840198269137e-21 1.307983803597966654e-21 1.373280365653350871e-21 1.826312454549499137e-21 1.659771510951171319e-21 1.318733216575181571e-21 8.288487057828168106e-22 1.588839268989784810e-21 2.149783500221850810e-21 1.999932904267667729e-21 1.599837903343038856e-21 9.942290756144624514e-22 1.708083552083197065e-21 2.338627256951134139e-21 2.205303053709528311e-21 1.768879507225799061e-21 1.091399383308155912e-21 1.869547429192166576e-21 2.569843922571091135e-21 2.439885256463631985e-21 1.958269113150426831e-21 1.201031298537650021e-21 2.026984266381086019e-21 2.816968236672308363e-21 2.706279973744431174e-21 2.174179626512030692e-21 1.322729562946346966e-21 2.216573057282887443e-21 3.109955753579648964e-21 3.016499658187000145e-21 2.420413547342785981e-21 1.458997105595928269e-21
3.085242866892826315e-21 5.883624420184869641e-21 7.069616098649419514e-21 5.935820488534422027e-21 3.382453095674976268e-21 3.223811369578242508e-20 7.019532800114782780e-20 8.818046702775434078e-20 7.822061050071781044e-20 5.502503900379724810e-20 4.492217352561747163e-21 8.635581199414664182e-21 1.048992078121689325e-20 8.907436539512896486e-21 5.134641923989298805e-21 5.466946945702559151e-21 1.060251359313878187e-20 1.295178186437303619e-20 1.100711634428645754e-20 6.320245381577445696e-21 6.006501200069847210e-21 1.169095104492566676e-20 1.430681409977937346e-20 1.214922422345371312e-20 6.950899182098554057e-21 2.595826952898452324e-21 4.576596730295555190e-21 5.282730357557099969e-21 4.475138910855636497e-21 2.671176448320135408e-21 2.455833334815849958e-21 4.179492329517729673e-21 4.739325620214212456e-21 4.040198957243740348e-21 2.465281136760182142e-21 3.001697354909080967e-21 5.227491380149525846e-21 6.028232017109335712e-21 5.150470337780136115e-21 3.109475456218740230e-21 3.382643790253398324e-21 5.977746617831275661e-21 6.955338576800533267e-21 5.936825519867474214e-21 3.550530434733921854e-21 1.823756157753449846e-21 2.724495780685927410e-21 2.854573957194074588e-21 2.491979887620453278e-21 1.675459282541160980e-21 2.145565443025601208e-21 3.275092936711759948e-21 3.510682407267639329e-21 3.086868850103309509e-21 2.064833283626586258e-21 2.333673360184825356e-21 3.613299434231044705e-21 3.924901348696084777e-21 3.462798223614484368e-21 2.308428686395919372e-21 2.562704148109107751e-21 3.985467567438470362e-21 4.353287920508950921e-21 3.843922921464308224e-21 2.555106533192635869e-21 2.808412928494777989e-21 4.422993705507094767e-21 4.884989458500315617e-21 4.321800790759773277e-21 2.861535725608276621e-21 3.099694465219975007e-21 4.933640748850702670e-21 5.496992598682126204e-21 4.864893201781021100e-21 3.206423465799209884e-21
3.140371514516788410e-21 7.070147379807605615e-21 1.024947214876780159e-20 1.041818808824466024e-20 7.431996267399300571e-21 3.128111934729337453e-20 8.818046702775434078e-20 1.497898640259605593e-19 1.670542625476405571e-19 1.375218459784695764e-19 4.668702741948146459e-21 1.048940571918095583e-20 1.519563325178144045e-20 1.546268588473657629e-20 1.107203754203175204e-20 5.730408376894386359e-21 1.295074785267276773e-20 1.881844567414804959e-20 1.916099401264484176e-20 1.371038569465624943e-20 6.312004610981327843e-21 1.430601191922646511e-20 2.081875037736968546e-20 2.120267938913795477e-20 1.516157199555277308e-20 2.531193109267434103e-21 5.280496219419252226e-21 7.357699904584911001e-21 7.428390601924349559e-21 5.359122457660217815e-21 2.362055712389815397e-21 4.735356085092324470e-21 6.449088274340951003e-21 6.480955296597672332e-21 4.702465671275312745e-21 2.945182854232510901e-21 6.022811775682044251e-21 8.301970237447583839e-21 8.366184307444548775e-21 6.055979171889617644e-21 3.352862689258645847e-21 6.949595736525219660e-21 9.655207515914163668e-21 9.746573152925401655e-21 7.042063368306421115e-21 1.651015714394352685e-21 2.846849760948723800e-21 3.507550413219298022e-21 3.454151050033739331e-21 2.588555222507541995e-21 1.987119282219663929e-21 3.499786125724765764e-21 4.387290387408106866e-21 4.343118321912651630e-21 3.251164053687833086e-21 2.191194996033248056e-21 3.913168988904282404e-21 4.956892321954518823e-21 4.921911775601407133e-21 3.682531578978584115e-21 2.421122093870620622e-21 4.338155421589318806e-21 5.511871410942194789e-21 5.473221887120757839e-21 4.089265452728383619e-21 2.685454235842961120e-21 4.868732413731868962e-21 6.238347323246626449e-21 6.207084956686654416e-21 4.633464052569118903e-21 2.994640767239419245e-21 5.481024151659049389e-21 7.068601444265755573e-21 7.039880430377100286e-21 5.248367914614656244e-21
2.242656964550982430e-21 5.936900548579732948e-21 1.041872105740123422e-20 1.295248489750439465e-20 1.157425765341074798e-20 2.330932288087793282e-20 7.822061050071781044e-20 1.670542625476405571e-19 2.406485609154687994e-19 2.436382923729937399e-19 3.409991834727321766e-21 8.907795241406410585e-21 1.546323068908704468e-20 1.909124069468808483e-20 1.700782164197201311e-20 4.187528713505682857e-21 1.100821815606104718e-20 1.916237595315636950e-20 2.367546139124343868e-20 2.109658616012467798e-20 4.602851679038751103e-21 1.215201765964524728e-20 2.120521535847078354e-20 2.622944636304656163e-20 2.338605487447026447e-20 1.866093456240816028e-21 4.472309272037311751e-21 7.427442251062708533e-21 9.026302168278092995e-21 7.997754632082457338e-21 1.773674874274312089e-21 4.036375767310804036e-21 6.480179743129231987e-21 7.748870832154395219e-21 6.819868380908923797e-21 2.212187854822052660e-21 5.146028544326816193e-21 8.365713250888409765e-21 1.004743650981100169e-20 8.856456019179697681e-21 2.507649731376429461e-21 5.932949778004111737e-21 9.746701102003547252e-21 1.176124750839869735e-20 1.038960129471283294e-20 1.313426787413806475e-21 2.487513470679579084e-21 3.454886826151441756e-21 3.823925405773418316e-21 3.254945561769141842e-21 1.594047795437286011e-21 3.082855297054432294e-21 4.345883219002512266e-21 4.832815075846764525e-21 4.118132466173645749e-21 1.764339001737991767e-21 3.460641700077554716e-21 4.926523596690559794e-21 5.498617619593630174e-21 4.692297161857543090e-21 1.954547148711133201e-21 3.844008399385620668e-21 5.481335092839041568e-21 6.114322315080002030e-21 5.212371190998237377e-21 2.173799812660781360e-21 4.326520460339654836e-21 6.219295534057784584e-21 6.957384351731005025e-21 5.937769887483924957e-21 2.428373046001655232e-21 4.880076966152684084e-21 7.059838880985932291e-21 7.913799964292449914e-21 6.759491608103693110e-21
1.051139296933848870e-21 3.383247457077392407e-21 7.432419129849109333e-21 1.157432042000716678e-20 1.305637354765836026e-20 1.464304604080373791e-20 5.502503900379724810e-20 1.375218459784695764e-19 2.436382923729937399e-19 3.122907622584249346e-19 1.626876172552368316e-21 5.135804692248670535e-21 1.107308709378640959e-20 1.700832062070976708e-20 1.901862487653870355e-20 1.974242417361145625e-21 6.323151819013925275e-21 1.371292472766731317e-20 2.109776505120464705e-20 2.360502073147416411e-20 2.149466190457201715e-21 6.955922587694689616e-21 1.516563232149260178e-20 2.338779630425605913e-20 2.619893555590151382e-20 9.771663945371212156e-22 2.670222657803209187e-21 5.359146385226474964e-21 7.998189804112508079e-21 8.817610925652389095e-21 9.688547445559023773e-22 2.465185790415721754e-21 4.703715816759808609e-21 6.821091065598730000e-21 7.392684797349330849e-21 1.179503279903272466e-21 3.110407277421531403e-21 6.058488114767812660e-21 8.858431072451400516e-21 9.639154471727472648e-21 1.309359539252702216e-21 3.552697653447198289e-21 7.045612600736987062e-21 1.039204489433909719e-20 1.136215477084167820e-20 8.312992154023447277e-22 1.679195952155179513e-21 2.593949471625777327e-21 3.258420657048197669e-21 3.208201001836364506e-21 1.000265247398106019e-21 2.073254056044160417e-21 3.261151772193117412e-21 4.123948102173927412e-21 4.072062107068615280e-21 1.100458124758449697e-21 2.320547331500338710e-21 3.695590012205475510e-21 4.699461095044493396e-21 4.654893818926362557e-21 1.216053669223513211e-21 2.574797880492556338e-21 4.109174476976502235e-21 5.222816139340594998e-21 5.168885595117233933e-21 1.344428983481400684e-21 2.889316762764197508e-21 4.659856105627533806e-21 5.950974054460743588e-21 5.905983263727551865e-21 1.493033882623747333e-21 3.248809204219449642e-21 5.285691762228257641e-21 6.776978415603943153e-21 6.742431486829339239e-21
2.506712069973011596e-21 4.225364550681825126e-21 4.368805751411791489e-21 3.115624544410287447e-21 1.414390820084202669e-21 2.688867469425378934e-21 4.492217352561747163e-21 4.668702741948146459e-21 3.409991834727321766e-21 1.626876172552368316e-21 1.470043268100786957e-20 2.320630231361739335e-20 2.302008120864627506e-20 1.704264636921121748e-20 9.992334049983581934e-21 5.235684962284139048e-21 9.126623822966926073e-21 9.750122874028497868e-21 7.081706418031942086e-21 3.191610571474986654e-21 5.915011891924210698e-21 1.035920421959120427e-20 1.108572156289869834e-20 8.021458287121814694e-21 3.566544735230127640e-21 1.131923473989479922e-21 1.468636338795576621e-21 1.286551096792302831e-21 1.010361416616374219e-21 6.470540261540284323e-22 1.629824250859851417e-21 2.310596038892684842e-21 2.199788484284040453e-21 1.716863640734836823e-21 1.011938800037241296e-21 1.609779003775038163e-21 2.215813585583308637e-21 2.099050914075798275e-21 1.696587601124892394e-21 1.057992544591287071e-21 1.735161542196160008e-21 2.424283156304417641e-21 2.334016477293021442e-21 1.893929493306343340e-21 1.172969657483617585e-21 2.451620131013031700e-21 3.725356391483275701e-21 3.742892486661606368e-21 2.891311484825851281e-21 1.591416134004850662e-21 2.549322645662985145e-21 3.823960607304372657e-21 3.856935256695605705e-21 3.043075615315375333e-21 1.728764720278223700e-21 2.830108112035947017e-21 4.306841232067831941e-21 4.390944101656160407e-21 3.457545970120381257e-21 1.938083064217333039e-21 2.536528940513923401e-21 3.689749464421948981e-21 3.719752145153062698e-21 3.042765713384505112e-21 1.836634771851380331e-21 2.797017671068973711e-21 4.122921553624290338e-21 4.206235129368659800e-21 3.442220557225005216e-21 2.060778273716061722e-21 3.113505742224579706e-21 4.642246979174336950e-21 4.781130490094525723e-21 3.906465504540287852e-21 2.317045180276499488e-21
4.225513089697269508e-21 8.192885165743926713e-21 9.945733453889651146e-21 8.355258885236644959e-21 4.708934589258014759e-21 4.492518369551568933e-21 8.635581199414664182e-21 1.048940571918095583e-20 8.907795241406410585e-21 5.135804692248670535e-21 2.320630231361739335e-20 4.960910145474894006e-20 6.212477233860124959e-20 5.461068539798019993e-20 3.691430670065366381e-20 9.126190751080553356e-21 1.811183713915493598e-20 2.239699530823415653e-20 1.900942483644502590e-20 1.074372969208019429e-20 1.035863415659495618e-20 2.062764680483311112e-20 2.553937668202923898e-20 2.164363342066667546e-20 1.217153221906241537e-20 1.468840832942364425e-21 2.124167857898980251e-21 2.143668996057719337e-21 1.848032789967281519e-21 1.253877851823086694e-21 2.310222125992791014e-21 3.751664152350681763e-21 4.168661347484185766e-21 3.624697678085032552e-21 2.326781482859594212e-21 2.214879444366539969e-21 3.453392150830077639e-21 3.772481268927277274e-21 3.348521029532651916e-21 2.248058409417609559e-21 2.423146729060834044e-21 3.843984910869252515e-21 4.263806538430384600e-21 3.800654549305899863e-21 2.543748067478920172e-21 3.723097398456858227e-21 6.519161112912875390e-21 7.622143086540264227e-21 6.627828670666961896e-21 4.101181996836822680e-21 3.819832321791313144e-21 6.575827418334651221e-21 7.665783319619482581e-21 6.743662017043999018e-21 4.265184389382145891e-21 4.301937914387721458e-21 7.510840641342270226e-21 8.835370434442935053e-21 7.772334682977909398e-21 4.884551721135143427e-21 3.682341904464241584e-21 6.098105461370229589e-21 7.030383696974709176e-21 6.318290287713472107e-21 4.178455769494748523e-21 4.113994271103031949e-21 6.905098747556759357e-21 8.040562851393001688e-21 7.235030373851358599e-21 4.766029547654923381e-21 4.631649540086995202e-21 7.861229495777214795e-21 9.224864501315297251e-21 8.299020355807582275e-21 5.441943823425769718e-21
4.369884319056441807e-21 9.946834462919959600e-21 1.449832572661407271e-20 1.474669713520244911e-20 1.049143950472023470e-20 4.669385177016512098e-21 1.048992078121689325e-20 1.519563325178144045e-20 1.546323068908704468e-20 1.107308709378640959e-20 2.302008120864627506e-20 6.212477233860124959e-20 1.026544024930485835e-19 1.126852830009889618e-19 9.063701481998591851e-20 9.749348791947496850e-21 2.239649143793157198e-20 3.279491432958264710e-20 3.341613857131060381e-20 2.381453300044696925e-20 1.108529290080987472e-20 2.553938728348625364e-20 3.744900487162484842e-20 3.816039635340866800e-20 2.716699016798392829e-20 1.284844874440120119e-21 2.141541845765728710e-21 2.561368671347602090e-21 2.499547380938108052e-21 1.878012057193503532e-21 2.195831237949876467e-21 4.164471728362033210e-21 5.488835251045098616e-21 5.496545572787639139e-21 4.056465678147745227e-21 2.093161662103692141e-21 3.766577425658472979e-21 4.795988319857549074e-21 4.781189878103637272e-21 3.590820290095397184e-21 2.327738924963270706e-21 4.257636824908322274e-21 5.485120436680846392e-21 5.487604222814622063e-21 4.120163232100585182e-21 3.733599118563813267e-21 7.613515065111052808e-21 1.049760601618116718e-20 1.061201134261791699e-20 7.748042389668734403e-21 3.842994696657802082e-21 7.653489524460256789e-21 1.041316650807906910e-20 1.051027686572396398e-20 7.731103445259145472e-21 4.375773228570982766e-21 8.822351847184064160e-21 1.209078647602809914e-20 1.222218020749062448e-20 8.977777189220538634e-21 3.699327384401685895e-21 7.013563603307667773e-21 9.266315664175474842e-21 9.316550331239880156e-21 6.964513639366297501e-21 4.183980838264565763e-21 8.022987015073511256e-21 1.067606259336230352e-20 1.075010790688217010e-20 8.028738100448665336e-21 4.759084303706583602e-21 9.208990997834831783e-21 1.232062623318751341e-20 1.241322493600057130e-20 9.258420435450120686e-21
3.116836285944877520e-21 8.356553558156958972e-21 1.474711624361033893e-20 1.836108603641025190e-20 1.641043962354357535e-20 3.409834969379139061e-21 8.907436539512896486e-21 1.546268588473657629e-20 1.909124069468808483e-20 1.700832062070976708e-20 1.704264636921121748e-20 5.461068539798019993e-20 1.126852830009889618e-19 1.585961547648405650e-19 1.576974393356260126e-19 7.082262762468704657e-21 1.901031838049115671e-20 3.341708841591595645e-20 4.142181449639587550e-20 3.693946273612536528e-20 8.023936820626809494e-21 2.164680306134050440e-20 3.816282587587827641e-20 4.737257372990370921e-20 4.227633737466256099e-20 1.006304622430797908e-21 1.843279570579619869e-21 2.497007641877134153e-21 2.743056751147291489e-21 2.333127338063358212e-21 1.711020387569555318e-21 3.618250210239773785e-21 5.493782326858579328e-21 6.375131689267274983e-21 5.539875357303280314e-21 1.689468771477051907e-21 3.340951683232136179e-21 4.778460812001062512e-21 5.347106531868476189e-21 4.571081248673425488e-21 1.887292248588054570e-21 3.793755685365702025e-21 5.485529227757900207e-21 6.163430581574788834e-21 5.277648091321435975e-21 2.883133213023359079e-21 6.619840456952584834e-21 1.061038446458742002e-20 1.260242886486729581e-20 1.104515896171388522e-20 3.033969451935278582e-21 6.735729997187452112e-21 1.051060933019275140e-20 1.228495995818016301e-20 1.069004194166801791e-20 3.450064312825492182e-21 7.766719666973520561e-21 1.222467156415108098e-20 1.434187389222232228e-20 1.250169017565334903e-20 3.036137309941581642e-21 6.315143695678082279e-21 9.322925166885825373e-21 1.052291378663326899e-20 9.007441482528011461e-21 3.440054518654759904e-21 7.237884833682657510e-21 1.076148806866836806e-20 1.217843405281721576e-20 1.043643686980295585e-20 3.915669234705344183e-21 8.315851052036250946e-21 1.243445244402715345e-20 1.409882804276999754e-20 1.209239079412464566e-20
1.414741425421180848e-21 4.709283392117099306e-21 1.049137344689772988e-20 1.641022917160491692e-20 1.854252098968400447e-20 1.625948942639450553e-21 5.134641923989298805e-21 1.107203754203175204e-20 1.700782164197201311e-20 1.901862487653870355e-20 9.992334049983581934e-21 3.691430670065366381e-20 9.063701481998591851e-20 1.576974393356260126e-19 1.988766262561997540e-19 3.193188077008354758e-21 1.074568054308601345e-20 2.381618459834188692e-20 3.694021140068485070e-20 4.148361098009504929e-20 3.570351321028464027e-21 1.217607520833349534e-20 2.717047708546364558e-20 4.227775047822992818e-20 4.755923033334104674e-20 6.438539422536788513e-22 1.250153847848063418e-21 1.875796440813581871e-21 2.332622760470455161e-21 2.288400328147842883e-21 1.008832113904856977e-21 2.323364423577917034e-21 4.055111582877374285e-21 5.540045227024981944e-21 5.777610450020653417e-21 1.055306574116959799e-21 2.245315661377538244e-21 3.590504293334287763e-21 4.571943949723824184e-21 4.530002443004010894e-21 1.171379605732031362e-21 2.542326466951999158e-21 4.120942861502989588e-21 5.278997971053643585e-21 5.248012369356348675e-21 1.590731130713423724e-21 4.101182373894649170e-21 7.750660249549458026e-21 1.104758262407332389e-20 1.181349372883611833e-20 1.731677205924247837e-21 4.269939022205847451e-21 7.738485866437069444e-21 1.069493369861286647e-20 1.120103080071938082e-20 1.944448225264535392e-21 4.893516311110878592e-21 8.988613781042499310e-21 1.250807962681295601e-20 1.315345371374728637e-20 1.849629267133560206e-21 4.195855641907807777e-21 6.982983905435037947e-21 9.017491350402905038e-21 8.991326254263159199e-21 2.081718911346220769e-21 4.793026982068699240e-21 8.054810933311314321e-21 1.044968297161651487e-20 1.044900297406317395e-20 2.353111378455698285e-21 5.486786864932357897e-21 9.297686632264483853e-21 1.211072503226167433e-20 1.214170954024766493e-20
3.179463544094323410e-21 5.437126992549602990e-21 5.674086705574977963e-21 4.030756048355928283e-21 1.774885506393185161e-21 3.235605749625171104e-21 5.466946945702559151e-21 5.730408376894386359e-21 4.187528713505682857e-21 1.974242417361145625e-21 5.235684962284139048e-21 9.126190751080553356e-21 9.749348791947496850e-21 7.082262762468704657e-21 3.193188077008354758e-21 2.358749676250242637e-20 3.774634850825500701e-20 3.780488358438542426e-20 2.782502444585190417e-20 1.579010108634998996e-20 8.561217071767698384e-21 1.520381495013835028e-20 1.635841790357477848e-20 1.172355623851303901e-20 5.010736893941292650e-21 1.280680324762344616e-21 1.683285973198742230e-21 1.505043347466132465e-21 1.192919839126043447e-21 7.587555468741408261e-22 1.604018051142405988e-21 2.197423571854426944e-21 2.071866130554330063e-21 1.673472425771138630e-21 1.046279124900482673e-21 2.261011730295312133e-21 3.346692781312212518e-21 3.343003271224972710e-21 2.657017846429188785e-21 1.547321164329354241e-21 2.084909656116191577e-21 3.001112441113989033e-21 2.984030406408721981e-21 2.444516219343682208e-21 1.497898892369681007e-21 2.087312907080557288e-21 2.976712350988997359e-21 2.939484019152394797e-21 2.403648525673297017e-21 1.475078147330652443e-21 3.055365481468586686e-21 4.675159417011114911e-21 4.823949397859854394e-21 3.856239607061893338e-21 2.203352297407569503e-21 2.828660286403797598e-21 4.224381484431762904e-21 4.360366739616067095e-21 3.592996787484265098e-21 2.157929204269037845e-21 4.521249856286566717e-21 7.262578382377935810e-21 7.686146074101269546e-21 6.024235137616285473e-21 3.244539154835842678e-21 4.371854501123074833e-21 6.936088680919018636e-21 7.360217499744454642e-21 5.871741576900402128e-21 3.259968549862199103e-21 4.053718940652843878e-21 6.283105508353154084e-21 6.688275473430285689e-21 5.502773827409626200e-21 3.221307207182870341e-21
5.437527454060778634e-21 1.065542578977494163e-20 1.300961779617870333e-20 1.091463969071027883e-20 6.084092952801475468e-21 5.467648742504018443e-21 1.060251359313878187e-20 1.295074785267276773e-20 1.100821815606104718e-20 6.323151819013925275e-21 9.126623822966926073e-21 1.811183713915493598e-20 2.239649143793157198e-20 1.901031838049115671e-20 1.074568054308601345e-20 3.774634850825500701e-20 8.077444358942691175e-20 1.012972679619431988e-19 8.869952353817288362e-20 5.897581092269224881e-20 1.520374355682194337e-20 3.057334257751265773e-20 3.798728012923319514e-20 3.206104191455332334e-20 1.776621135438404508e-20 1.684176190079997996e-21 2.478968802873168149e-21 2.556004361968689280e-21 2.223816939371297838e-21 1.504901527078184698e-21 2.197789941524318249e-21 3.407445135883733946e-21 3.704967402639685810e-21 3.285330789935068826e-21 2.208556786016715080e-21 3.346525884412877728e-21 5.686186770538479930e-21 6.577126217051555730e-21 5.809679299052039226e-21 3.727199626469016590e-21 3.000792643579974572e-21 4.919380251594657661e-21 5.614863400432104646e-21 5.049023132319199011e-21 3.365312068595817635e-21 2.975123424712281884e-21 4.826696303511419392e-21 5.470615138545743120e-21 4.908798736664768300e-21 3.273483813578397132e-21 4.671603154016116349e-21 8.190759571578382835e-21 9.709932353356633879e-21 8.624341111641466570e-21 5.492635594751964382e-21 4.220076945848320491e-21 7.179164928117018400e-21 8.444374531014428713e-21 7.637583865497395873e-21 5.043278522212160177e-21 7.255580218282086302e-21 1.333374150037931653e-20 1.617652399317205590e-20 1.423799545579475955e-20 8.778034926311338375e-21 6.927583928846000128e-21 1.254273500344780972e-20 1.518147956522263264e-20 1.349455324391034584e-20 8.485136244212528700e-21 6.273161307693943142e-21 1.104579196867067079e-20 1.330233891746684363e-20 1.204122715149438278e-20 7.852110733862218760e-21
5.675868049047205838e-21 1.301130838752644953e-20 1.902748076979576128e-20 1.935502051140625065e-20 1.373568795661497071e-20 5.731852012648999598e-21 1.295178186437303619e-20 1.881844567414804959e-20 1.916237595315636950e-20 1.371292472766731317e-20 9.750122874028497868e-21 2.239699530823415653e-20 3.279491432958264710e-20 3.341708841591595645e-20 2.381618459834188692e-20 3.780488358438542426e-20 1.012972679619431988e-19 1.663601238381724109e-19 1.817554815439882678e-19 1.450021137383917251e-19 1.635906387642079649e-20 3.798808616221475548e-20 5.589704652086949834e-20 5.694660531190008948e-20 4.040036412590501972e-20 1.503919456418679887e-21 2.553919598667005181e-21 3.107423162743741517e-21 3.052072894023555034e-21 2.293119228680356540e-21 2.068210766030548086e-21 3.700439823112802440e-21 4.693580605614010621e-21 4.674412408977527218e-21 3.511602509121991861e-21 3.337175097824795885e-21 6.570576434514584733e-21 8.881326110972444696e-21 8.969304243803795849e-21 6.633217298715865109e-21 2.977893904636322986e-21 5.608095459759578609e-21 7.374024215598540223e-21 7.423880758066820700e-21 5.572767882584622387e-21 2.929756305037221077e-21 5.460850330313575660e-21 7.134250218252265867e-21 7.163223702727735594e-21 5.371203419275512008e-21 4.808993695606354210e-21 9.695911488192039749e-21 1.329651179445072313e-20 1.346607143180593393e-20 9.937901557462333860e-21 4.344276681120368125e-21 8.429716522189212316e-21 1.130265472203474988e-20 1.142229763801493459e-20 8.546361624929230523e-21 7.664222102653294191e-21 1.615756053603421907e-20 2.270686337606651334e-20 2.306736831497391421e-20 1.685144653287894688e-20 7.336762873011076151e-21 1.516209902922259458e-20 2.107891604056326561e-20 2.139068546087949603e-20 1.573410349083491912e-20 6.666432974677817362e-21 1.328609356932253918e-20 1.809289780291904048e-20 1.831735306533642096e-20 1.365045791358850436e-20
4.032079700727602899e-21 1.091592600855035438e-20 1.935515440352610997e-20 2.414270419429397608e-20 2.159666370674721747e-20 4.186928359136679537e-21 1.100711634428645754e-20 1.916099401264484176e-20 2.367546139124343868e-20 2.109776505120464705e-20 7.081706418031942086e-21 1.900942483644502590e-20 3.341613857131060381e-20 4.142181449639587550e-20 3.694021140068485070e-20 2.782502444585190417e-20 8.869952353817288362e-20 1.817554815439882678e-19 2.542727681893783197e-19 2.514785306411014114e-19 1.172593641223345615e-20 3.206381939958050854e-20 5.694834663194180679e-20 7.094015240574418714e-20 6.341451729735660495e-20 1.186803941219284769e-21 2.216265414780244000e-21 3.047284051304304179e-21 3.365155658229159106e-21 2.865888908274762755e-21 1.664714482076391401e-21 3.275050087621850156e-21 4.668755357575733133e-21 5.218590030476502905e-21 4.459409751303702043e-21 2.646330091290584432e-21 5.797493534592607871e-21 8.963203014115994211e-21 1.043637539835091518e-20 9.072779710502858611e-21 2.434315457448765708e-21 5.037486802210287972e-21 7.418394290366677516e-21 8.388196406134528859e-21 7.199272593116571148e-21 2.391168657511262593e-21 4.895387690471859568e-21 7.157814198139028828e-21 8.061665717511387966e-21 6.900167872299423480e-21 3.841923949241422582e-21 8.609974567899247635e-21 1.346209426740692933e-20 1.570179842122539195e-20 1.364397272833692706e-20 3.580466546109054057e-21 7.625708427819430942e-21 1.142057664095637868e-20 1.296864719041703073e-20 1.113432044265007159e-20 6.012067397710976491e-21 1.422811725189852094e-20 2.306939355384887663e-20 2.739511722831281600e-20 2.398746210619524022e-20 5.864798785464657131e-21 1.349156425717797725e-20 2.139826351261916908e-20 2.507654748913580611e-20 2.183236258379794962e-20 5.509768851040669643e-21 1.205510189572393047e-20 1.833640160386176890e-20 2.092267585141847364e-20 1.799408243840687321e-20
1.774595354288733167e-21 6.083632063841896911e-21 1.373486272649165521e-20 2.159607231673962754e-20 2.446423923096425780e-20 1.971907867611602790e-21 6.320245381577445696e-21 1.371038569465624943e-20 2.109658616012467798e-20 2.360502073147416411e-20 3.191610571474986654e-21 1.074372969208019429e-20 2.381453300044696925e-20 3.693946273612536528e-20 4.148361098009504929e-20 1.579010108634998996e-20 5.897581092269224881e-20 1.450021137383917251e-19 2.514785306411014114e-19 3.158081753751949216e-19 5.013264274761052784e-21 1.776913884935451188e-20 4.040241011630371733e-20 6.341524307663291513e-20 7.167368878224687707e-20 7.522952327580175820e-22 1.497193300348501510e-21 2.287721646501681201e-21 2.864043859919098013e-21 2.816821076716205429e-21 1.039088208607470438e-21 2.200175526528081291e-21 3.506359480164426410e-21 4.457976578422958525e-21 4.413069069793751251e-21 1.539949698375577426e-21 3.718780519880666629e-21 6.628504724074365759e-21 9.071854577266300614e-21 9.442835236131215201e-21 1.491554958201603396e-21 3.358122575994511225e-21 5.569068779606075418e-21 7.198795468052072716e-21 7.189084173631789722e-21 1.469184391455567298e-21 3.267215505408482380e-21 5.369047929731713977e-21 6.900680024903905755e-21 6.863365724275779567e-21 2.200415860914686170e-21 5.490392130085590071e-21 9.940043916049225064e-21 1.364680428799359338e-20 1.420983071552193897e-20 2.158543475182242128e-21 5.045354042332000033e-21 8.552028028237638386e-21 1.113866748978899823e-20 1.116164424581180467e-20 3.251698568841701742e-21 8.788489938122420261e-21 1.686479976931672656e-20 2.399553446807801254e-20 2.556821125365799804e-20 3.275774774581278574e-21 8.506008580204795378e-21 1.575564671055331392e-20 2.184384647877318155e-20 2.287057143855169064e-20 3.254206415245327970e-21 7.893086425954592672e-21 1.368671546983851463e-20 1.801116195726990319e-20 1.816376405706934669e-20
3.698055771929781938e-21 6.369987439530475544e-21 6.661678111872947808e-21 4.694800684150454131e-21 2.009475663837117842e-21 3.538443729373072188e-21 6.006501200069847210e-21 6.312004610981327843e-21 4.602851679038751103e-21 2.149466190457201715e-21 5.915011891924210698e-21 1.035863415659495618e-20 1.108529290080987472e-20 8.023936820626809494e-21 3.570351321028464027e-21 8.561217071767698384e-21 1.520374355682194337e-20 1.635906387642079649e-20 1.172593641223345615e-20 5.013264274761052784e-21 2.787331201260672438e-20 4.524118934081881745e-20 4.570747336229784315e-20 3.341586204957688351e-20 1.830910721525042446e-20 1.358215857386046150e-21 1.796462248374430503e-21 1.621159844510855646e-21 1.289169178285953607e-21 8.165726859076278238e-22 1.721422044111332844e-21 2.380015757493689301e-21 2.269149450449109055e-21 1.838499952839753578e-21 1.143886823787517788e-21 2.075719438485469805e-21 2.971404767502706135e-21 2.940903452151678614e-21 2.407462921784693633e-21 1.477816517945034973e-21 2.704013252992775011e-21 4.109493217756211600e-21 4.209860223405786671e-21 3.369881166381881148e-21 1.946086045120393114e-21 2.271944659277334943e-21 3.275877358037160784e-21 3.272399425660540462e-21 2.682238707934534785e-21 1.637123207028578276e-21 2.819619343791666095e-21 4.195764504764101693e-21 4.320474948167549416e-21 3.561189699181140613e-21 2.142848677661323300e-21 3.748307750993507889e-21 5.878901173975092327e-21 6.199913896686655454e-21 4.982151974473247409e-21 2.823635649532368267e-21 3.583453599992129559e-21 5.480144104865380831e-21 5.780648121637179733e-21 4.772465928232378028e-21 2.827214932027165982e-21 4.843171854234318573e-21 7.759732648191625452e-21 8.322290074497861010e-21 6.682455339316055207e-21 3.725113395449757562e-21 6.520019235888015893e-21 1.078097209111062838e-20 1.165573129694442186e-20 9.137697339668609911e-21 4.831507111468845778e-21
