1.282139121248123802e-04 1.390764968369497398e-05 1.989841830336925633e-04 -4.369719689565780335e-04 -1.049819763926038109e-03 2.149997884584185965e-04 -4.405503624405111992e-05 5.304575614280871733e-05 -8.964501150352466525e-04 -8.978366162833529708e-06 -8.422848405078520672e-05 -2.007258623522276174e-04 2.856261566017261402e-04 1.179397876338089766e-03 1.094312962454671524e-04 5.361358497700093257e-04 3.025855957605223128e-04 1.467988172330173934e-03 -1.217779704171774707e-03 8.905969589907002007e-05
1.390764968369497398e-05 3.830729201885172258e-06 3.643897554338962618e-05 -2.375126497616785221e-05 -7.970190195224936683e-05 -1.321386805432790358e-05 2.029371166859040204e-05 1.995538021100971788e-06 -7.386443736534787339e-05 3.721019954051328117e-05 -1.549778779346878971e-05 3.545311178764981651e-05 9.948171521258063226e-06 8.760557107369352755e-05 9.613530160905389449e-05 5.997533794044834456e-05 9.914709443067740372e-06 2.221658427995141767e-04 1.999413068219433698e-04 1.254905366396479407e-04
1.989841830336925633e-04 3.643897554338962618e-05 4.901855622701860012e-04 -4.434097124079459181e-04 -1.325618849447730233e-03 -6.035108879766646380e-05 -2.370208979208966168e-05 2.480909636506225060e-05 -7.373246285635521495e-04 6.206481149138952510e-04 -1.633913230686186049e-04 2.291340324124482462e-04 1.226383803295030535e-04 8.444407765352732707e-04 4.574064324262423742e-04 7.902873960346738910e-04 1.347510563277747584e-04 2.258609857648564111e-03 9.943618384891383943e-04 1.525763528196279542e-03
-4.369719689565780335e-04 -2.375126497616785221e-05 -4.434097124079459181e-04 2.908120511335657125e-03 3.277375773246742584e-03 -2.896674995298176465e-03 1.705881958376880047e-03 2.929736898315345346e-04 2.539833425239203680e-03 5.273381057670768713e-04 -3.818430994313119623e-04 2.443344275987948278e-03 2.532943171730216159e-04 -5.458138989127545894e-03 1.114158013268098241e-02 -4.610838074668623630e-03 5.064395639898966895e-04 -4.645623981338175418e-03 2.409029100215210120e-02 -2.066854859678252977e-03
-1.049819763926038109e-03 -7.970190195224936683e-05 -1.325618849447730233e-03 3.277375773246742584e-03 1.177306630238202610e-02 -4.726249542067493398e-03 5.128497314040279115e-03 4.466373907317733251e-04 3.013868802756352553e-03 -8.483631704074684129e-03 -5.349074426917355303e-03 -1.505357483828580634e-03 -6.469957827161824417e-03 -1.965631595875499266e-02 -9.499437763328311482e-03 -5.965696047356173169e-03 -7.005880861310665939e-03 -2.221967577014355433e-02 8.211049628880601886e-03 2.159703947305613957e-03
2.149997884584185965e-04 -1.321386805432790358e-05 -6.035108879766646380e-05 -2.896674995298176465e-03 -4.726249542067493398e-03 9.656949980653313503e-02 4.589461080279863027e-03 -1.085198200463981764e-02 -6.289544591433208175e-03 9.992069273900122325e-03 3.295359111750546625e-03 -6.789447753810099080e-03 2.431183925836503338e-03 4.758598810297501032e-04 -1.820787751048359715e-02 -7.492165177066143281e-03 2.794638644275268449e-03 3.177870443611775786e-02 -3.070641478955597400e-02 1.279569618327685600e-02
-4.405503624405111992e-05 2.029371166859040204e-05 -2.370208979208966168e-05 1.705881958376880047e-03 5.128497314040279115e-03 4.589461080279863027e-03 1.493441810003847958e-01 1.428825704505309324e-01 -1.520504450271251314e-02 -3.260417211947022609e-02 -4.040538078283964149e-03 -1.456225497856403032e-02 -5.007845807359477368e-03 -4.605844909880382060e-02 1.459417273441285939e-02 -4.559058649620709169e-02 -5.142445044787899780e-03 -4.996993467880712220e-02 3.402418454483358695e-02 -3.781364221668679498e-02
5.304575614280871733e-05 1.995538021100971788e-06 2.480909636506225060e-05 2.929736898315345346e-04 4.466373907317733251e-04 -1.085198200463981764e-02 1.428825704505309324e-01 5.253719387839005384e-01 -1.795781679860110336e-01 -7.805965359431249473e-02 3.307953958041107145e-02 2.000801475934255950e-03 -6.683247942187386069e-04 -3.990366732308082975e-02 1.337158311375900160e-02 -5.635997280724690944e-02 -1.528766574170487827e-03 -6.383543357475246482e-02 1.807933977335919248e-02 -7.314033304431083460e-02
-8.964501150352466525e-04 -7.386443736534787339e-05 -7.373246285635521495e-04 2.539833425239203680e-03 3.013868802756352553e-03 -6.289544591433208175e-03 -1.520504450271251314e-02 -1.795781679860110336e-01 7.051068753421620983e-01 -8.941191437105398820e-02 1.548997664605083167e-02 3.448478769266524052e-02 1.507486734355905017e-03 -1.763013869291332747e-02 -9.148872861972171325e-03 -3.645313313979970521e-02 2.232759412250704019e-03 -3.869752532300645576e-03 7.761089254143206141e-03 -9.614272942698683100e-03
-8.978366162833529708e-06 3.721019954051328117e-05 6.206481149138952510e-04 5.273381057670768713e-04 -8.483631704074684129e-03 9.992069273900122325e-03 -3.260417211947022609e-02 -7.805965359431249473e-02 -8.941191437105398820e-02 8.894006495528111733e-01 -1.269128616971165226e-02 3.254132758841365991e-02 9.815057016711469309e-03 2.779779602257970855e-02 1.858625087730944245e-02 3.756078956552134310e-03 1.003423880342912099e-02 3.736092607104769987e-03 2.081130777834213751e-03 -7.060642365558293665e-02
-8.422848405078520672e-05 -1.549778779346878971e-05 -1.633913230686186049e-04 -3.818430994313119623e-04 -5.349074426917355303e-03 3.295359111750546625e-03 -4.040538078283964149e-03 3.307953958041107145e-02 1.548997664605083167e-02 -1.269128616971165226e-02 9.549526157366580170e-01 -4.656129107856338961e-02 6.002808940528369698e-03 3.124443881864020361e-03 -1.177547402886279689e-02 -1.019604907901404921e-02 6.942295285403416415e-03 -9.579780952697196719e-03 -1.071331942952083053e-04 -4.759144885350648224e-02
-2.007258623522276174e-04 3.545311178764981651e-05 2.291340324124482462e-04 2.443344275987948278e-03 -1.505357483828580634e-03 -6.789447753810099080e-03 -1.456225497856403032e-02 2.000801475934255950e-03 3.448478769266524052e-02 3.254132758841365991e-02 -4.656129107856338961e-02 9.770464636863350760e-01 4.075106626330584833e-03 -1.087456340858272523e-02 2.476300235402904924e-03 -2.028907900937450617e-02 4.326241574889229738e-03 -1.095264903300872429e-02 2.494211429879546540e-02 -3.527568060047263365e-02
2.856261566017261402e-04 9.948171521258063226e-06 1.226383803295030535e-04 2.532943171730216159e-04 -6.469957827161824417e-03 2.431183925836503338e-03 -5.007845807359477368e-03 -6.683247942187386069e-04 1.507486734355905017e-03 9.815057016711469309e-03 6.002808940528369698e-03 4.075106626330584833e-03 7.247126465744828556e-03 2.036578100326548110e-02 2.443263163446115355e-02 6.087840267965605179e-03 7.493274699545747139e-03 1.744275101928336943e-02 1.177396203865184281e-02 -4.721778495996806387e-03
1.179397876338089766e-03 8.760557107369352755e-05 8.444407765352732707e-04 -5.458138989127545894e-03 -1.965631595875499266e-02 4.758598810297501032e-04 -4.605844909880382060e-02 -3.990366732308082975e-02 -1.763013869291332747e-02 2.779779602257970855e-02 3.124443881864020361e-03 -1.087456340858272523e-02 2.036578100326548110e-02 3.298005755472987466e-01 2.237972663618341962e-01 2.962278771498600971e-01 1.543712820627714775e-02 8.096675960280244611e-02 -4.256690670137202454e-02 2.337043942074149699e-02
1.094312962454671524e-04 9.613530160905389449e-05 4.574064324262423742e-04 1.114158013268098241e-02 -9.499437763328311482e-03 -1.820787751048359715e-02 1.459417273441285939e-02 1.337158311375900160e-02 -9.148872861972171325e-03 1.858625087730944245e-02 -1.177547402886279689e-02 2.476300235402904924e-03 2.443263163446115355e-02 2.237972663618341962e-01 3.511796602598440953e-01 1.771029332620420449e-01 2.199799335208949339e-02 3.023277460650945075e-02 1.667011357127828886e-01 -2.147031674721196562e-02
5.361358497700093257e-04 5.997533794044834456e-05 7.902873960346738910e-04 -4.610838074668623630e-03 -5.965696047356173169e-03 -7.492165177066143281e-03 -4.559058649620709169e-02 -5.635997280724690944e-02 -3.645313313979970521e-02 3.756078956552134310e-03 -1.019604907901404921e-02 -2.028907900937450617e-02 6.087840267965605179e-03 2.962278771498600971e-01 1.771029332620420449e-01 4.368929927145622227e-01 5.433021734597518349e-04 4.632754265294655727e-02 -4.748592832283227150e-02 4.279961365855571714e-02
3.025855957605223128e-04 9.914709443067740372e-06 1.347510563277747584e-04 5.064395639898966895e-04 -7.005880861310665939e-03 2.794638644275268449e-03 -5.142445044787899780e-03 -1.528766574170487827e-03 2.232759412250704019e-03 1.003423880342912099e-02 6.942295285403416415e-03 4.326241574889229738e-03 7.493274699545747139e-03 1.543712820627714775e-02 2.199799335208949339e-02 5.433021734597518349e-04 8.845028983638449777e-03 2.514836915445185436e-02 2.169392424355623405e-02 -3.760022975961796964e-04
1.467988172330173934e-03 2.221658427995141767e-04 2.258609857648564111e-03 -4.645623981338175418e-03 -2.221967577014355433e-02 3.177870443611775786e-02 -4.996993467880712220e-02 -6.383543357475246482e-02 -3.869752532300645576e-03 3.736092607104769987e-03 -9.579780952697196719e-03 -1.095264903300872429e-02 1.744275101928336943e-02 8.096675960280244611e-02 3.023277460650945075e-02 4.632754265294655727e-02 2.514836915445185436e-02 9.786421658941258928e-01 5.095317921852305920e-01 8.335117681664078182e-01
-1.217779704171774707e-03 1.999413068219433698e-04 9.943618384891383943e-04 2.409029100215210120e-02 8.211049628880601886e-03 -3.070641478955597400e-02 3.402418454483358695e-02 1.807933977335919248e-02 7.761089254143206141e-03 2.081130777834213751e-03 -1.071331942952083053e-04 2.494211429879546540e-02 1.177396203865184281e-02 -4.256690670137202454e-02 1.667011357127828886e-01 -4.748592832283227150e-02 2.169392424355623405e-02 5.095317921852305920e-01 8.307204555149788616e-01 3.709877582193220613e-01
8.905969589907002007e-05 1.254905366396479407e-04 1.525763528196279542e-03 -2.066854859678252977e-03 2.159703947305613957e-03 1.279569618327685600e-02 -3.781364221668679498e-02 -7.314033304431083460e-02 -9.614272942698683100e-03 -7.060642365558293665e-02 -4.759144885350648224e-02 -3.527568060047263365e-02 -4.721778495996806387e-03 2.337043942074149699e-02 -2.147031674721196562e-02 4.279961365855571714e-02 -3.760022975961796964e-04 8.335117681664078182e-01 3.709877582193220613e-01 1.071793083365403687e+00
