[cosmological_parameters]

ombh2 = 0.005 0.0221 0.1
omch2 = 0.001 0.12 0.99
;param[theta] = 1.0411 0.5 10 0.0004 0.0002

h0    = 0.5 0.679565 1.0
ln_1e10_A_s = 2.0 3.1 4.0
n_s   = 0.8 0.96 1.2
tau   = 0.01 0.09 0.8

omega_nu = 0.0013969941
massive_nu = 1
massless_nu = 2.046

[bias_parameters]
b1_bin_1 = 0.5 1.9 4.0
b2_bin_1 = -0.6 0.0 4.0
gamma3_bin_1 = -3.0 1.0 3.0
a_vir_bin_1 = 0.2 2.0 5.0

b1_bin_2 = 0.5 1.9 4.0
b2_bin_2 = -0.6 0.0 4.0
gamma3_bin_2 = -3.0 1.0 3.0
a_vir_bin_2 = 0.2 2.0 5.0