[cosmological_parameters]
ombh2 = 0.2228089E-01
omch2 = 0.1181838E+00
;omega_b = 0.0482
;omega_c = 0.256 
h0    = 0.5 0.679565 1.0
;A_s   = 1.0e-9 2.170229e-9 4.0e-9
ln_1e10_A_s = 1.7 3.5277 5.0
n_s   = 0.9679701
tau   = 0.0739
omega_nu = 0.0013969941
massive_nu = 1
massless_nu = 2.046

[bias_parameters]
b1 = 0.5 2.069093 4.0
b2 = -3.0 -0.08266389 3.0
gamma2 = 1.0
gamma3 = 0.1 1.049944 4.0
a_vir = 0.5 3.414406 6.0
gamma = 0.47