[cosmological_parameters]
omch2 = 0.11336956221293837 0.12 0.12703091064106695
ombh2 = 0.021615770756319073 0.0225 0.023103729722525095
h0 = 0.6425290065540109 0.7 0.7150188763839126
n_s = 0.9342806461291905 0.97 0.986698010466018
s_8_input = 0.7229290272333152 0.7458 0.9134139168266714
omega_k = 0.0
w = -1.0
mnu = 0.06
tau = 0.015070795999054837 0.0543 0.09381939280201967

[halo_model_parameters]
a = 2.0 2.6 3.13

[intrinsic_alignment_parameters]
a = -6.0 0.8 6.0

[nofz_shifts]
p_1 = -5.0 0.0 5.0
p_2 = -5.0 -0.18124592211471566 5.0
p_3 = -5.0 -1.1101371415772416 5.0
p_4 = -5.0 -1.3950132678694147 5.0
p_5 = -5.0 1.2654336759290095 5.0

[shear_c_bias]
c1 = 0.0
c2 = 0.0
ac = 1.13

[bias_parameters]
b1_bin_1 = 0.5 2.1 9.0
b2_bin_1 = -4.0 0.2 8.0
gamma3_bin_1 = -8.0 0.9 8.0
a_vir_bin_1 = 0.0 3.8 12.0
b1_bin_2 = 0.5 2.3 9.0
b2_bin_2 = -4.0 0.5 8.0
gamma3_bin_2 = -8.0 0.1 8.0
a_vir_bin_2 = 0.0 3.0 12.0

[planck]
a_planck = 0.9879083109867925 1.00061 1.0130810744845216

