a_s = 2.1977e-09
baryon_fraction = 0.16280752532561504
cs2_de = 1.0
h0 = 0.6898
hubble = 68.97999999999999
k = -0.0
k_s = 0.05000000074505806
massive_nu = 0
massless_nu = 3.046
n_run = 0.0
n_s = 0.969
ombh2 = 0.0225
omch2 = 0.1157
omega_b = 0.04728638763186493
omega_c = 0.24315711328918987
omega_k = 0.0
omega_lambda = 0.7095564990789451
omega_m = 0.2904435009210548
omega_nu = 0.0
ommh2 = 0.1382
omnuh2 = 0.0
r_t = 0.0
sigma_8 = 0.8273148906410049
tau = 0.089
w = -1.0
wa = 0.0
yhe = 0.23999999463558197
