[cosmological_parameters]
;lower bound      start point        upper bound, flat prior : extra priors can be set in the prior file.

ombh2 =           0.005   0.0223773  0.1
omch2 =           0.001   0.1201035  0.99
cosmomc_theta =   0.5     1.040920   10.0

tau =             0.02    0.0543     0.2

n_s =             0.8     0.9659     1.2
ln_1e10_A_s =     1.61    3.045      3.91

omega_k = 0.0
w       = -1.0
wa      = 0.0

mnu = 0.06
#num_massive_neutrinos = 1

[planck]
a_planck = 0.9 1.000610 1.1
A_cib_217 = 0.4717368E+02
cib_index = -0.1300000E+01
xi_sz_cib = 0.4189225E+00
A_sz = 0.7229116E+01
ps_A_100_100 = 0.2505006E+03
ps_A_143_143 = 0.4741151E+02
ps_A_143_217 = 0.4733858E+02
ps_A_217_217 = 0.1198069E+03
ksz_norm = 0.6686889E-02
gal545_A_100 = 0.8863182E+01
gal545_A_143 = 0.1109847E+02
gal545_A_143_217 = 0.1982801E+02
gal545_A_217 = 0.9510571E+02
galf_EE_A_100 = 0.5500000E-01
galf_EE_A_100_143 = 0.4000000E-01
galf_EE_A_100_217 = 0.9400000E-01
galf_EE_A_143 = 0.8600000E-01
galf_EE_A_143_217 = 0.2100000E+00
galf_EE_A_217 = 0.7000000E+00
galf_EE_index = -0.2400000E+01
galf_TE_A_100 = 0.1142060E+00
galf_TE_A_100_143 = 0.1344835E+00
galf_TE_A_100_217 = 0.4821257E+00
galf_TE_A_143 = 0.2244489E+00
galf_TE_A_143_217 = 0.6635710E+00
galf_TE_A_217 = 0.2081345E+01
galf_TE_index = -0.2400000E+01
A_cnoise_e2e_100_100_EE = 0.1000000E+01
A_cnoise_e2e_143_143_EE = 0.1000000E+01
A_cnoise_e2e_217_217_EE = 0.1000000E+01
A_sbpx_100_100_TT = 0.1000000E+01
A_sbpx_143_217_TT = 0.1000000E+01
A_sbpx_143_143_TT = 0.1000000E+01
A_sbpx_217_217_TT = 0.1000000E+01
A_sbpx_100_100_EE = 0.1000000E+01
A_sbpx_100_143_EE = 0.1000000E+01
A_sbpx_100_217_EE = 0.1000000E+01
A_sbpx_143_143_EE = 0.1000000E+01
A_sbpx_143_217_EE = 0.1000000E+01
A_sbpx_217_217_EE = 0.1000000E+01
calib_100T = 0.9996932E+00
calib_217T = 0.9981639E+00
calib_100P = 0.1021000E+01
calib_143P = 0.9660000E+00
calib_217P = 0.1040000E+01
A_pol = 0.1000000E+01

